2.000000e+02	1.613131e+00	7.289350e-03
4.000000e+02	1.442676e+00	8.737427e-03
6.000000e+02	1.161896e+00	2.504520e-02
8.000000e+02	9.077760e-01	2.929629e-02
1.000000e+03	7.738201e-01	2.917626e-03
1.200000e+03	7.140292e-01	2.616659e-02
1.400000e+03	6.155651e-01	4.560698e-02
1.600000e+03	5.373862e-01	3.279966e-02
1.800000e+03	4.754876e-01	3.060408e-02
2.000000e+03	4.089113e-01	1.796097e-02
2.200000e+03	3.659629e-01	6.238491e-03
2.400000e+03	3.311699e-01	5.638386e-03
2.600000e+03	3.070432e-01	1.960647e-02
2.800000e+03	2.860774e-01	1.426662e-02
3.000000e+03	2.657053e-01	1.306400e-03
3.200000e+03	2.509111e-01	3.976850e-03
3.400000e+03	2.333499e-01	1.426703e-04
3.600000e+03	2.201022e-01	4.940334e-04
3.800000e+03	2.140478e-01	5.045275e-03
4.000000e+03	2.038227e-01	3.066656e-03
4.200000e+03	1.957920e-01	3.338471e-03
4.400000e+03	1.815376e-01	4.234117e-03
4.600000e+03	1.749406e-01	5.429612e-03
4.800000e+03	1.717617e-01	4.124898e-03
5.000000e+03	1.610890e-01	1.009933e-03
5.200000e+03	1.565766e-01	2.028253e-04
5.400000e+03	1.538452e-01	5.137889e-03
5.600000e+03	1.488038e-01	1.434866e-03
5.800000e+03	1.424894e-01	1.303464e-03
6.000000e+03	1.368419e-01	5.964903e-03
6.200000e+03	1.325360e-01	8.077542e-03
6.400000e+03	1.272102e-01	5.962577e-03
6.600000e+03	1.236620e-01	8.578163e-03
6.800000e+03	1.170888e-01	6.245940e-03
7.000000e+03	1.110668e-01	5.282650e-03
7.200000e+03	1.055189e-01	1.417377e-03
7.400000e+03	1.020984e-01	1.274317e-04
7.600000e+03	9.715176e-02	3.622323e-04
7.800000e+03	9.393182e-02	2.676894e-04
8.000000e+03	9.012956e-02	1.845456e-04
8.200000e+03	8.736827e-02	1.655148e-04
8.400000e+03	8.636295e-02	9.696705e-04
8.600000e+03	8.506944e-02	5.912579e-04
8.800000e+03	8.229701e-02	1.343568e-03
9.000000e+03	8.037846e-02	4.384192e-04
9.200000e+03	7.902111e-02	1.275349e-03
9.400000e+03	7.812132e-02	2.435039e-03
9.600000e+03	7.869312e-02	8.858515e-04
9.800000e+03	7.822776e-02	8.307239e-04
1.000000e+04	7.668203e-02	2.058520e-03
1.020000e+04	7.593574e-02	2.289718e-03
1.040000e+04	7.369953e-02	1.798719e-03
1.060000e+04	7.139823e-02	2.468720e-03
1.080000e+04	7.086153e-02	1.664880e-03
1.100000e+04	6.977973e-02	2.078407e-03
1.120000e+04	6.822896e-02	7.253995e-05
1.140000e+04	6.701828e-02	2.620608e-04
1.160000e+04	6.591086e-02	2.995498e-04
1.180000e+04	6.497371e-02	2.535146e-05
1.200000e+04	6.449554e-02	4.397612e-04
1.220000e+04	6.359520e-02	3.125086e-04
1.240000e+04	6.316155e-02	5.251288e-04
1.260000e+04	6.241998e-02	6.079015e-04
1.280000e+04	6.031607e-02	5.415875e-04
1.300000e+04	5.896002e-02	8.718567e-04
1.320000e+04	5.797724e-02	1.576231e-03
1.340000e+04	5.747635e-02	1.580423e-03
1.360000e+04	5.620635e-02	1.014679e-03
1.380000e+04	5.509547e-02	2.183406e-04
1.400000e+04	5.392680e-02	4.024859e-04
1.420000e+04	5.273311e-02	8.546327e-04
1.440000e+04	5.262978e-02	1.705744e-03
1.460000e+04	5.255826e-02	1.736543e-03
1.480000e+04	5.168892e-02	1.507553e-03
1.500000e+04	5.108006e-02	1.077319e-03
1.520000e+04	5.099085e-02	4.648909e-04
1.540000e+04	4.998009e-02	6.497351e-04
1.560000e+04	4.929635e-02	8.291683e-04
1.580000e+04	4.936289e-02	1.250793e-03
1.600000e+04	4.927769e-02	7.657925e-04
1.620000e+04	4.839490e-02	6.217175e-05
1.640000e+04	4.781132e-02	5.794523e-05
1.660000e+04	4.688984e-02	5.456410e-04
1.680000e+04	4.671568e-02	7.894853e-04
1.700000e+04	4.646490e-02	5.435140e-04
1.720000e+04	4.635290e-02	8.417854e-04
1.740000e+04	4.588291e-02	6.453322e-04
1.760000e+04	4.465383e-02	4.323940e-04
1.780000e+04	4.343007e-02	6.964081e-04
1.800000e+04	4.305158e-02	6.303017e-04
1.820000e+04	4.363328e-02	4.338462e-04
1.840000e+04	4.337621e-02	6.851116e-05
1.860000e+04	4.284162e-02	2.646412e-04
1.880000e+04	4.263500e-02	1.588618e-05
1.900000e+04	4.232477e-02	1.134417e-04
1.920000e+04	4.179234e-02	1.996535e-04
1.940000e+04	4.134861e-02	5.198601e-04
1.960000e+04	4.102323e-02	4.185080e-04
1.980000e+04	4.043178e-02	7.369639e-04
2.000000e+04	4.032746e-02	8.917651e-04
