2.000000e+02	3.268513e-01	1.182394e-02
4.000000e+02	2.060134e-01	1.088605e-03
6.000000e+02	1.629300e-01	1.818447e-02
8.000000e+02	1.332295e-01	8.386760e-03
1.000000e+03	1.100402e-01	1.960203e-03
1.200000e+03	8.952103e-02	1.102137e-02
1.400000e+03	8.442712e-02	8.508187e-03
1.600000e+03	7.294768e-02	3.631619e-03
1.800000e+03	6.669960e-02	2.214959e-04
2.000000e+03	5.902264e-02	8.656264e-04
2.200000e+03	5.018837e-02	2.213250e-03
2.400000e+03	4.832340e-02	7.964354e-04
2.600000e+03	4.401494e-02	2.139348e-03
2.800000e+03	4.127560e-02	9.996476e-04
3.000000e+03	3.925762e-02	1.974014e-04
3.200000e+03	3.809398e-02	1.001659e-03
3.400000e+03	3.645719e-02	1.173636e-03
3.600000e+03	3.476171e-02	3.857000e-04
3.800000e+03	3.274322e-02	7.479046e-05
4.000000e+03	3.113221e-02	7.008784e-04
4.200000e+03	2.984071e-02	8.113991e-05
4.400000e+03	2.825211e-02	1.249482e-04
4.600000e+03	2.679905e-02	3.883361e-04
4.800000e+03	2.658978e-02	1.159511e-03
5.000000e+03	2.480201e-02	3.145328e-04
5.200000e+03	2.351324e-02	1.794960e-05
5.400000e+03	2.304609e-02	1.206512e-03
5.600000e+03	2.265191e-02	1.024228e-03
5.800000e+03	2.164471e-02	8.758762e-04
6.000000e+03	2.063631e-02	3.775013e-04
6.200000e+03	2.015945e-02	9.488744e-05
6.400000e+03	1.953884e-02	9.000915e-04
6.600000e+03	1.903467e-02	2.444915e-04
6.800000e+03	1.778281e-02	9.611353e-04
7.000000e+03	1.746781e-02	1.534870e-04
7.200000e+03	1.746552e-02	5.710198e-04
7.400000e+03	1.717176e-02	1.001237e-03
7.600000e+03	1.645780e-02	3.951245e-05
7.800000e+03	1.580465e-02	4.961591e-05
8.000000e+03	1.601804e-02	6.199492e-04
8.200000e+03	1.551700e-02	2.127037e-04
8.400000e+03	1.482328e-02	4.752422e-04
8.600000e+03	1.486983e-02	7.011763e-04
8.800000e+03	1.412410e-02	9.711501e-04
9.000000e+03	1.425937e-02	4.265327e-04
9.200000e+03	1.414800e-02	8.324611e-05
9.400000e+03	1.380913e-02	4.643133e-04
9.600000e+03	1.325215e-02	6.777563e-04
9.800000e+03	1.322714e-02	4.912085e-04
1.000000e+04	1.320325e-02	4.514308e-04
1.020000e+04	1.316198e-02	6.878513e-04
1.040000e+04	1.312106e-02	5.123764e-04
1.060000e+04	1.327333e-02	4.329099e-04
1.080000e+04	1.311048e-02	7.975597e-04
1.100000e+04	1.290416e-02	2.218540e-04
1.120000e+04	1.246270e-02	2.919073e-05
1.140000e+04	1.224605e-02	3.098457e-04
1.160000e+04	1.185971e-02	3.674120e-04
1.180000e+04	1.191098e-02	6.750394e-05
1.200000e+04	1.162085e-02	2.970974e-04
1.220000e+04	1.169738e-02	1.264145e-04
1.240000e+04	1.155796e-02	3.159805e-04
1.260000e+04	1.116015e-02	5.046716e-04
1.280000e+04	1.093274e-02	2.288060e-04
1.300000e+04	1.106138e-02	4.762105e-04
1.320000e+04	1.071664e-02	1.099345e-04
1.340000e+04	1.046955e-02	1.208188e-05
1.360000e+04	1.042008e-02	2.302518e-04
1.380000e+04	1.072161e-02	4.721553e-04
1.400000e+04	1.060494e-02	1.217385e-04
1.420000e+04	9.878284e-03	5.474056e-04
1.440000e+04	9.803266e-03	5.660598e-04
1.460000e+04	9.575513e-03	1.245770e-03
1.480000e+04	9.708306e-03	1.108485e-03
1.500000e+04	9.288872e-03	1.626272e-03
1.520000e+04	9.038811e-03	1.375845e-03
1.540000e+04	9.043140e-03	1.145677e-03
1.560000e+04	8.816944e-03	1.707111e-03
1.580000e+04	8.704626e-03	1.544588e-03
1.600000e+04	8.491829e-03	1.513145e-03
1.620000e+04	7.931979e-03	1.290062e-03
1.640000e+04	7.683653e-03	1.604832e-03
1.660000e+04	7.732339e-03	1.351732e-03
1.680000e+04	7.981326e-03	1.239970e-03
1.700000e+04	8.040799e-03	1.104343e-03
1.720000e+04	7.751911e-03	1.252398e-03
1.740000e+04	7.739526e-03	1.237578e-03
1.760000e+04	7.775744e-03	1.260340e-03
1.780000e+04	7.741779e-03	1.625514e-03
1.800000e+04	7.701568e-03	1.445972e-03
1.820000e+04	7.457947e-03	1.727410e-03
1.840000e+04	7.503418e-03	1.354305e-03
1.860000e+04	7.607121e-03	1.080878e-03
1.880000e+04	7.537736e-03	9.676072e-04
1.900000e+04	7.693595e-03	8.766767e-04
1.920000e+04	7.654496e-03	8.294457e-04
1.940000e+04	7.926083e-03	1.084971e-03
1.960000e+04	8.134645e-03	9.216956e-04
1.980000e+04	8.143179e-03	1.040415e-03
2.000000e+04	8.087837e-03	9.903788e-04
