2.000000e+02	8.472107e-01	2.576933e-02
4.000000e+02	5.780491e-01	2.654513e-01
6.000000e+02	3.329525e-01	1.562737e-01
8.000000e+02	2.363165e-01	1.075011e-01
1.000000e+03	2.181227e-01	8.322010e-02
1.200000e+03	2.133818e-01	6.377599e-02
1.400000e+03	2.173200e-01	1.192000e-01
1.600000e+03	2.205404e-01	1.059048e-01
1.800000e+03	1.826638e-01	5.281057e-02
2.000000e+03	1.734511e-01	1.831501e-02
2.200000e+03	1.504664e-01	2.103742e-02
2.400000e+03	1.513647e-01	4.240818e-02
2.600000e+03	1.298063e-01	4.585369e-02
2.800000e+03	1.078058e-01	5.658429e-02
3.000000e+03	1.123935e-01	5.217158e-02
3.200000e+03	1.034478e-01	3.952120e-02
3.400000e+03	1.031243e-01	4.075023e-02
3.600000e+03	1.044856e-01	3.610352e-02
3.800000e+03	1.029781e-01	2.421986e-02
4.000000e+03	9.180662e-02	3.705540e-02
4.200000e+03	7.512445e-02	2.584132e-02
4.400000e+03	7.129093e-02	2.991196e-02
4.600000e+03	6.899889e-02	2.364708e-02
4.800000e+03	8.076272e-02	2.058328e-02
5.000000e+03	8.085909e-02	2.833256e-02
5.200000e+03	7.954173e-02	3.367740e-02
5.400000e+03	6.951548e-02	2.336001e-02
5.600000e+03	6.108568e-02	1.754571e-02
5.800000e+03	5.940595e-02	2.215431e-03
6.000000e+03	4.979113e-02	9.962697e-04
6.200000e+03	4.733733e-02	6.435628e-03
6.400000e+03	4.823593e-02	1.511479e-02
6.600000e+03	4.769488e-02	1.480739e-02
6.800000e+03	6.196393e-02	4.031085e-03
7.000000e+03	6.349594e-02	6.822890e-03
7.200000e+03	6.189653e-02	3.550076e-03
7.400000e+03	7.120531e-02	2.727745e-02
7.600000e+03	6.989876e-02	1.727689e-02
7.800000e+03	7.311684e-02	1.926958e-02
8.000000e+03	6.829359e-02	1.633414e-02
8.200000e+03	7.050050e-02	2.431888e-02
8.400000e+03	7.042168e-02	1.876737e-02
8.600000e+03	6.555334e-02	1.430289e-02
8.800000e+03	6.667000e-02	9.075837e-03
9.000000e+03	6.463941e-02	1.023810e-02
9.200000e+03	6.526238e-02	1.370798e-02
9.400000e+03	7.298219e-02	3.135490e-02
9.600000e+03	6.790016e-02	3.121167e-02
9.800000e+03	6.613551e-02	2.979086e-02
1.000000e+04	6.791439e-02	2.505869e-02
1.020000e+04	5.872898e-02	2.311585e-02
1.040000e+04	5.624580e-02	2.122174e-02
1.060000e+04	5.882109e-02	2.548273e-02
1.080000e+04	5.439865e-02	2.477322e-02
1.100000e+04	5.125448e-02	2.223756e-02
1.120000e+04	5.152440e-02	2.726227e-02
1.140000e+04	5.471769e-02	3.262853e-02
1.160000e+04	5.457051e-02	3.587185e-02
1.180000e+04	5.329587e-02	3.037999e-02
1.200000e+04	5.227638e-02	3.245824e-02
1.220000e+04	5.077739e-02	3.134462e-02
1.240000e+04	5.506708e-02	3.964174e-02
1.260000e+04	5.119957e-02	3.494597e-02
1.280000e+04	5.332184e-02	3.721585e-02
1.300000e+04	5.570725e-02	3.956894e-02
1.320000e+04	5.552198e-02	3.845271e-02
1.340000e+04	5.273666e-02	3.418283e-02
1.360000e+04	5.296443e-02	3.495607e-02
1.380000e+04	5.345808e-02	3.541565e-02
1.400000e+04	5.196177e-02	3.428743e-02
1.420000e+04	5.383288e-02	3.422978e-02
1.440000e+04	5.174974e-02	2.978125e-02
1.460000e+04	5.195112e-02	2.675168e-02
1.480000e+04	5.109385e-02	2.308701e-02
1.500000e+04	5.399432e-02	2.519252e-02
1.520000e+04	5.220584e-02	2.171972e-02
1.540000e+04	5.218503e-02	2.036320e-02
1.560000e+04	5.527338e-02	2.304265e-02
1.580000e+04	5.854887e-02	2.366056e-02
1.600000e+04	5.130213e-02	3.021426e-02
1.620000e+04	5.172863e-02	2.762612e-02
1.640000e+04	4.999649e-02	2.330153e-02
1.660000e+04	5.029164e-02	2.389240e-02
1.680000e+04	4.994072e-02	2.439957e-02
1.700000e+04	4.682644e-02	2.957698e-02
1.720000e+04	4.335088e-02	2.800269e-02
1.740000e+04	4.425240e-02	2.689920e-02
1.760000e+04	5.003931e-02	2.989370e-02
1.780000e+04	5.112681e-02	3.242392e-02
1.800000e+04	5.066639e-02	3.274037e-02
1.820000e+04	4.834344e-02	3.117979e-02
1.840000e+04	5.014608e-02	2.991545e-02
1.860000e+04	4.901914e-02	2.535276e-02
1.880000e+04	4.535079e-02	2.343069e-02
1.900000e+04	4.436770e-02	2.199803e-02
1.920000e+04	4.409037e-02	1.991125e-02
1.940000e+04	4.456512e-02	1.934290e-02
1.960000e+04	4.547343e-02	1.886093e-02
1.980000e+04	4.437662e-02	1.529026e-02
2.000000e+04	4.497885e-02	1.279693e-02
