2.000000e+02	9.999979e-01	2.035387e-06
4.000000e+02	9.999934e-01	6.351877e-06
6.000000e+02	9.999859e-01	1.178201e-05
8.000000e+02	9.999762e-01	1.801952e-05
1.000000e+03	9.999655e-01	2.529704e-05
1.200000e+03	9.999527e-01	3.400554e-05
1.400000e+03	9.999375e-01	4.376515e-05
1.600000e+03	9.999206e-01	5.412282e-05
1.800000e+03	9.999006e-01	6.419519e-05
2.000000e+03	9.998767e-01	7.358535e-05
2.200000e+03	9.998496e-01	8.237784e-05
2.400000e+03	9.998206e-01	9.110497e-05
2.600000e+03	9.997884e-01	9.976700e-05
2.800000e+03	9.997518e-01	1.083717e-04
3.000000e+03	9.997120e-01	1.164974e-04
3.200000e+03	9.996691e-01	1.252427e-04
3.400000e+03	9.996226e-01	1.337198e-04
3.600000e+03	9.995744e-01	1.401786e-04
3.800000e+03	9.995249e-01	1.455641e-04
4.000000e+03	9.994737e-01	1.500998e-04
4.200000e+03	9.994200e-01	1.552070e-04
4.400000e+03	9.993638e-01	1.609971e-04
4.600000e+03	9.993056e-01	1.671715e-04
4.800000e+03	9.992460e-01	1.736953e-04
5.000000e+03	9.991844e-01	1.813778e-04
5.200000e+03	9.991199e-01	1.883356e-04
5.400000e+03	9.990515e-01	1.957590e-04
5.600000e+03	9.989799e-01	2.037587e-04
5.800000e+03	9.989063e-01	2.125076e-04
6.000000e+03	9.988305e-01	2.209835e-04
6.200000e+03	9.987525e-01	2.300333e-04
6.400000e+03	9.986721e-01	2.393330e-04
6.600000e+03	9.985898e-01	2.483294e-04
6.800000e+03	9.985071e-01	2.582430e-04
7.000000e+03	9.984223e-01	2.684665e-04
7.200000e+03	9.983361e-01	2.771823e-04
7.400000e+03	9.982481e-01	2.849261e-04
7.600000e+03	9.981578e-01	2.922166e-04
7.800000e+03	9.980670e-01	2.991466e-04
8.000000e+03	9.979747e-01	3.064694e-04
8.200000e+03	9.978802e-01	3.148802e-04
8.400000e+03	9.977849e-01	3.243916e-04
8.600000e+03	9.976880e-01	3.334852e-04
8.800000e+03	9.975895e-01	3.418734e-04
9.000000e+03	9.974900e-01	3.499357e-04
9.200000e+03	9.973895e-01	3.567427e-04
9.400000e+03	9.972875e-01	3.638493e-04
9.600000e+03	9.971842e-01	3.706665e-04
9.800000e+03	9.970806e-01	3.773354e-04
1.000000e+04	9.969762e-01	3.840121e-04
1.020000e+04	9.968706e-01	3.905285e-04
1.040000e+04	9.967627e-01	3.964467e-04
1.060000e+04	9.966528e-01	4.019591e-04
1.080000e+04	9.965405e-01	4.060911e-04
1.100000e+04	9.964263e-01	4.100475e-04
1.120000e+04	9.963100e-01	4.138478e-04
1.140000e+04	9.961918e-01	4.162385e-04
1.160000e+04	9.960715e-01	4.186762e-04
1.180000e+04	9.959498e-01	4.207727e-04
1.200000e+04	9.958265e-01	4.232062e-04
1.220000e+04	9.957022e-01	4.251734e-04
1.240000e+04	9.955757e-01	4.264443e-04
1.260000e+04	9.954473e-01	4.281493e-04
1.280000e+04	9.953166e-01	4.288017e-04
1.300000e+04	9.951836e-01	4.292293e-04
1.320000e+04	9.950495e-01	4.296326e-04
1.340000e+04	9.949148e-01	4.295842e-04
1.360000e+04	9.947791e-01	4.291404e-04
1.380000e+04	9.946420e-01	4.284505e-04
1.400000e+04	9.945037e-01	4.274578e-04
1.420000e+04	9.943636e-01	4.266925e-04
1.440000e+04	9.942229e-01	4.257844e-04
1.460000e+04	9.940807e-01	4.246800e-04
1.480000e+04	9.939381e-01	4.227156e-04
1.500000e+04	9.937937e-01	4.192999e-04
1.520000e+04	9.936472e-01	4.167213e-04
1.540000e+04	9.934993e-01	4.143650e-04
1.560000e+04	9.933509e-01	4.113775e-04
1.580000e+04	9.932012e-01	4.080607e-04
1.600000e+04	9.930500e-01	4.053378e-04
1.620000e+04	9.928977e-01	4.037870e-04
1.640000e+04	9.927437e-01	4.027392e-04
1.660000e+04	9.925883e-01	4.013808e-04
1.680000e+04	9.924318e-01	3.997359e-04
1.700000e+04	9.922746e-01	3.973911e-04
1.720000e+04	9.921170e-01	3.945423e-04
1.740000e+04	9.919592e-01	3.911048e-04
1.760000e+04	9.917996e-01	3.878085e-04
1.780000e+04	9.916390e-01	3.854147e-04
1.800000e+04	9.914775e-01	3.838863e-04
1.820000e+04	9.913149e-01	3.822004e-04
1.840000e+04	9.911498e-01	3.812053e-04
1.860000e+04	9.909835e-01	3.811470e-04
1.880000e+04	9.908158e-01	3.817181e-04
1.900000e+04	9.906465e-01	3.820126e-04
1.920000e+04	9.904764e-01	3.835129e-04
1.940000e+04	9.903051e-01	3.854728e-04
1.960000e+04	9.901332e-01	3.876356e-04
1.980000e+04	9.899601e-01	3.900444e-04
2.000000e+04	9.897855e-01	3.933804e-04
