2.000000e+02	9.886506e-01	1.713876e-03
4.000000e+02	9.767294e-01	1.857115e-03
6.000000e+02	9.651094e-01	2.623461e-03
8.000000e+02	9.538976e-01	2.393711e-03
1.000000e+03	9.430147e-01	2.648536e-03
1.200000e+03	9.323740e-01	2.936177e-03
1.400000e+03	9.218679e-01	3.005610e-03
1.600000e+03	9.114556e-01	3.168416e-03
1.800000e+03	9.013325e-01	3.313139e-03
2.000000e+03	8.913968e-01	3.310172e-03
2.200000e+03	8.814966e-01	3.297405e-03
2.400000e+03	8.718354e-01	3.244740e-03
2.600000e+03	8.623047e-01	3.174643e-03
2.800000e+03	8.528823e-01	3.096920e-03
3.000000e+03	8.437378e-01	3.026702e-03
3.200000e+03	8.347028e-01	2.951608e-03
3.400000e+03	8.258990e-01	2.879629e-03
3.600000e+03	8.172656e-01	2.792641e-03
3.800000e+03	8.087716e-01	2.703117e-03
4.000000e+03	8.004665e-01	2.648406e-03
4.200000e+03	7.922891e-01	2.608842e-03
4.400000e+03	7.842420e-01	2.631398e-03
4.600000e+03	7.763321e-01	2.657574e-03
4.800000e+03	7.685350e-01	2.648531e-03
5.000000e+03	7.609378e-01	2.615445e-03
5.200000e+03	7.534797e-01	2.594669e-03
5.400000e+03	7.461642e-01	2.532688e-03
5.600000e+03	7.389684e-01	2.473682e-03
5.800000e+03	7.319033e-01	2.421019e-03
6.000000e+03	7.249769e-01	2.368894e-03
6.200000e+03	7.181792e-01	2.304554e-03
6.400000e+03	7.115085e-01	2.282068e-03
6.600000e+03	7.049421e-01	2.256738e-03
6.800000e+03	6.984900e-01	2.239507e-03
7.000000e+03	6.921627e-01	2.238530e-03
7.200000e+03	6.859382e-01	2.212461e-03
7.400000e+03	6.798189e-01	2.194115e-03
7.600000e+03	6.737909e-01	2.188083e-03
7.800000e+03	6.678642e-01	2.183321e-03
8.000000e+03	6.620561e-01	2.184766e-03
8.200000e+03	6.563144e-01	2.176997e-03
8.400000e+03	6.506748e-01	2.156181e-03
8.600000e+03	6.451254e-01	2.145747e-03
8.800000e+03	6.396514e-01	2.122701e-03
9.000000e+03	6.342843e-01	2.105402e-03
9.200000e+03	6.290132e-01	2.091119e-03
9.400000e+03	6.238164e-01	2.089239e-03
9.600000e+03	6.186941e-01	2.080208e-03
9.800000e+03	6.136486e-01	2.065048e-03
1.000000e+04	6.086846e-01	2.040195e-03
1.020000e+04	6.038004e-01	2.029138e-03
1.040000e+04	5.989883e-01	2.021726e-03
1.060000e+04	5.942688e-01	2.019181e-03
1.080000e+04	5.896113e-01	2.018716e-03
1.100000e+04	5.850300e-01	2.023174e-03
1.120000e+04	5.805077e-01	2.012764e-03
1.140000e+04	5.760567e-01	2.010737e-03
1.160000e+04	5.716651e-01	2.016896e-03
1.180000e+04	5.673393e-01	2.008887e-03
1.200000e+04	5.630750e-01	1.992300e-03
1.220000e+04	5.588740e-01	1.974643e-03
1.240000e+04	5.547407e-01	1.960065e-03
1.260000e+04	5.506714e-01	1.956510e-03
1.280000e+04	5.466531e-01	1.951638e-03
1.300000e+04	5.426974e-01	1.937800e-03
1.320000e+04	5.387970e-01	1.921509e-03
1.340000e+04	5.349565e-01	1.901111e-03
1.360000e+04	5.311779e-01	1.877770e-03
1.380000e+04	5.274569e-01	1.863764e-03
1.400000e+04	5.237938e-01	1.852042e-03
1.420000e+04	5.201809e-01	1.832845e-03
1.440000e+04	5.166156e-01	1.817135e-03
1.460000e+04	5.131062e-01	1.814766e-03
1.480000e+04	5.096447e-01	1.808079e-03
1.500000e+04	5.062327e-01	1.802343e-03
1.520000e+04	5.028648e-01	1.797229e-03
1.540000e+04	4.995393e-01	1.787681e-03
1.560000e+04	4.962596e-01	1.777751e-03
1.580000e+04	4.930305e-01	1.768295e-03
1.600000e+04	4.898517e-01	1.765285e-03
1.620000e+04	4.867193e-01	1.758485e-03
1.640000e+04	4.836281e-01	1.750717e-03
1.660000e+04	4.805768e-01	1.735973e-03
1.680000e+04	4.775649e-01	1.724680e-03
1.700000e+04	4.745972e-01	1.722473e-03
1.720000e+04	4.716694e-01	1.714431e-03
1.740000e+04	4.687823e-01	1.709060e-03
1.760000e+04	4.659349e-01	1.694348e-03
1.780000e+04	4.631276e-01	1.681896e-03
1.800000e+04	4.603604e-01	1.672151e-03
1.820000e+04	4.576266e-01	1.653748e-03
1.840000e+04	4.549266e-01	1.631808e-03
1.860000e+04	4.522601e-01	1.614960e-03
1.880000e+04	4.496274e-01	1.598464e-03
1.900000e+04	4.470277e-01	1.583947e-03
1.920000e+04	4.444596e-01	1.574879e-03
1.940000e+04	4.419225e-01	1.556820e-03
1.960000e+04	4.394223e-01	1.541523e-03
1.980000e+04	4.369485e-01	1.525365e-03
2.000000e+04	4.345037e-01	1.514569e-03
