2.000000e+02	9.900887e-01	2.547045e-03
4.000000e+02	9.811452e-01	2.677733e-03
6.000000e+02	9.729546e-01	2.180399e-03
8.000000e+02	9.644058e-01	1.845221e-03
1.000000e+03	9.568660e-01	1.765971e-03
1.200000e+03	9.494399e-01	1.656940e-03
1.400000e+03	9.421772e-01	1.603872e-03
1.600000e+03	9.350356e-01	1.462198e-03
1.800000e+03	9.279389e-01	1.460517e-03
2.000000e+03	9.210279e-01	1.405014e-03
2.200000e+03	9.142902e-01	1.361774e-03
2.400000e+03	9.075243e-01	1.294460e-03
2.600000e+03	9.009468e-01	1.286108e-03
2.800000e+03	8.945169e-01	1.315851e-03
3.000000e+03	8.881821e-01	1.405591e-03
3.200000e+03	8.818157e-01	1.432867e-03
3.400000e+03	8.755772e-01	1.461411e-03
3.600000e+03	8.693922e-01	1.564015e-03
3.800000e+03	8.632646e-01	1.603547e-03
4.000000e+03	8.572538e-01	1.666303e-03
4.200000e+03	8.512455e-01	1.785238e-03
4.400000e+03	8.453373e-01	1.813316e-03
4.600000e+03	8.395031e-01	1.814316e-03
4.800000e+03	8.337461e-01	1.804595e-03
5.000000e+03	8.280766e-01	1.837649e-03
5.200000e+03	8.224849e-01	1.909471e-03
5.400000e+03	8.170057e-01	1.991111e-03
5.600000e+03	8.115558e-01	2.029847e-03
5.800000e+03	8.061740e-01	2.066666e-03
6.000000e+03	8.008913e-01	2.068555e-03
6.200000e+03	7.956809e-01	2.077529e-03
6.400000e+03	7.905112e-01	2.065576e-03
6.600000e+03	7.853982e-01	2.056963e-03
6.800000e+03	7.803574e-01	2.029638e-03
7.000000e+03	7.753566e-01	2.028360e-03
7.200000e+03	7.703945e-01	2.021673e-03
7.400000e+03	7.655184e-01	1.989645e-03
7.600000e+03	7.606835e-01	1.944998e-03
7.800000e+03	7.558730e-01	1.892146e-03
8.000000e+03	7.511133e-01	1.869193e-03
8.200000e+03	7.464381e-01	1.856111e-03
8.400000e+03	7.418029e-01	1.842589e-03
8.600000e+03	7.372149e-01	1.827121e-03
8.800000e+03	7.326949e-01	1.811914e-03
9.000000e+03	7.282144e-01	1.804962e-03
9.200000e+03	7.237935e-01	1.804182e-03
9.400000e+03	7.194211e-01	1.796732e-03
9.600000e+03	7.151083e-01	1.793298e-03
9.800000e+03	7.108264e-01	1.767801e-03
1.000000e+04	7.065974e-01	1.765144e-03
1.020000e+04	7.024177e-01	1.778624e-03
1.040000e+04	6.982875e-01	1.783923e-03
1.060000e+04	6.941896e-01	1.777525e-03
1.080000e+04	6.901383e-01	1.785250e-03
1.100000e+04	6.861389e-01	1.789466e-03
1.120000e+04	6.821962e-01	1.789253e-03
1.140000e+04	6.783038e-01	1.796042e-03
1.160000e+04	6.744431e-01	1.776415e-03
1.180000e+04	6.706221e-01	1.772474e-03
1.200000e+04	6.668491e-01	1.767034e-03
1.220000e+04	6.631077e-01	1.778280e-03
1.240000e+04	6.594062e-01	1.784125e-03
1.260000e+04	6.557486e-01	1.805358e-03
1.280000e+04	6.521281e-01	1.815266e-03
1.300000e+04	6.485429e-01	1.825841e-03
1.320000e+04	6.450086e-01	1.824569e-03
1.340000e+04	6.414976e-01	1.822330e-03
1.360000e+04	6.380199e-01	1.831689e-03
1.380000e+04	6.345775e-01	1.841807e-03
1.400000e+04	6.311813e-01	1.852059e-03
1.420000e+04	6.278189e-01	1.859421e-03
1.440000e+04	6.244879e-01	1.865283e-03
1.460000e+04	6.211778e-01	1.867476e-03
1.480000e+04	6.179047e-01	1.871903e-03
1.500000e+04	6.146642e-01	1.877323e-03
1.520000e+04	6.114647e-01	1.882959e-03
1.540000e+04	6.082942e-01	1.879598e-03
1.560000e+04	6.051556e-01	1.877700e-03
1.580000e+04	6.020565e-01	1.880979e-03
1.600000e+04	5.989869e-01	1.872597e-03
1.620000e+04	5.959534e-01	1.869712e-03
1.640000e+04	5.929521e-01	1.874438e-03
1.660000e+04	5.899742e-01	1.874214e-03
1.680000e+04	5.870253e-01	1.882004e-03
1.700000e+04	5.841078e-01	1.883295e-03
1.720000e+04	5.812260e-01	1.880100e-03
1.740000e+04	5.783672e-01	1.883103e-03
1.760000e+04	5.755305e-01	1.885128e-03
1.780000e+04	5.727321e-01	1.882872e-03
1.800000e+04	5.699616e-01	1.888734e-03
1.820000e+04	5.672089e-01	1.889041e-03
1.840000e+04	5.644880e-01	1.895837e-03
1.860000e+04	5.617900e-01	1.898126e-03
1.880000e+04	5.591195e-01	1.898067e-03
1.900000e+04	5.564714e-01	1.897666e-03
1.920000e+04	5.538536e-01	1.896491e-03
1.940000e+04	5.512660e-01	1.895575e-03
1.960000e+04	5.486973e-01	1.891730e-03
1.980000e+04	5.461468e-01	1.885083e-03
2.000000e+04	5.436220e-01	1.882208e-03
