2.000000e+02	9.993787e-01	1.207323e-04
4.000000e+02	9.978951e-01	2.742398e-04
6.000000e+02	9.958233e-01	4.013647e-04
8.000000e+02	9.935191e-01	4.793454e-04
1.000000e+03	9.910987e-01	6.082596e-04
1.200000e+03	9.886214e-01	5.967708e-04
1.400000e+03	9.861858e-01	6.078231e-04
1.600000e+03	9.837425e-01	6.210607e-04
1.800000e+03	9.813598e-01	6.275571e-04
2.000000e+03	9.789868e-01	6.172887e-04
2.200000e+03	9.766511e-01	6.261990e-04
2.400000e+03	9.743470e-01	6.361016e-04
2.600000e+03	9.720757e-01	6.596141e-04
2.800000e+03	9.698198e-01	6.675441e-04
3.000000e+03	9.676136e-01	6.735451e-04
3.200000e+03	9.654289e-01	6.807673e-04
3.400000e+03	9.632663e-01	6.963282e-04
3.600000e+03	9.611307e-01	7.349261e-04
3.800000e+03	9.590000e-01	7.785056e-04
4.000000e+03	9.568601e-01	8.110456e-04
4.200000e+03	9.547432e-01	8.405421e-04
4.400000e+03	9.526349e-01	8.603236e-04
4.600000e+03	9.505395e-01	8.669479e-04
4.800000e+03	9.484592e-01	8.805420e-04
5.000000e+03	9.463965e-01	9.014039e-04
5.200000e+03	9.443633e-01	9.402456e-04
5.400000e+03	9.423421e-01	9.855001e-04
5.600000e+03	9.403315e-01	1.027190e-03
5.800000e+03	9.383351e-01	1.073907e-03
6.000000e+03	9.363614e-01	1.126065e-03
6.200000e+03	9.344006e-01	1.178317e-03
6.400000e+03	9.324519e-01	1.234067e-03
6.600000e+03	9.305161e-01	1.291838e-03
6.800000e+03	9.285925e-01	1.355905e-03
7.000000e+03	9.266811e-01	1.416805e-03
7.200000e+03	9.247814e-01	1.476068e-03
7.400000e+03	9.228948e-01	1.527443e-03
7.600000e+03	9.210186e-01	1.569497e-03
7.800000e+03	9.191470e-01	1.603243e-03
8.000000e+03	9.172897e-01	1.639385e-03
8.200000e+03	9.154471e-01	1.678865e-03
8.400000e+03	9.136139e-01	1.717020e-03
8.600000e+03	9.117827e-01	1.755328e-03
8.800000e+03	9.099573e-01	1.787908e-03
9.000000e+03	9.081373e-01	1.820315e-03
9.200000e+03	9.063291e-01	1.846453e-03
9.400000e+03	9.045281e-01	1.869904e-03
9.600000e+03	9.027330e-01	1.894046e-03
9.800000e+03	9.009491e-01	1.922092e-03
1.000000e+04	8.991723e-01	1.955304e-03
1.020000e+04	8.973974e-01	1.991507e-03
1.040000e+04	8.956290e-01	2.026406e-03
1.060000e+04	8.938629e-01	2.057271e-03
1.080000e+04	8.921012e-01	2.082945e-03
1.100000e+04	8.903431e-01	2.105730e-03
1.120000e+04	8.885950e-01	2.129662e-03
1.140000e+04	8.868569e-01	2.152261e-03
1.160000e+04	8.851238e-01	2.173659e-03
1.180000e+04	8.833930e-01	2.198091e-03
1.200000e+04	8.816682e-01	2.225163e-03
1.220000e+04	8.799493e-01	2.256177e-03
1.240000e+04	8.782378e-01	2.291428e-03
1.260000e+04	8.765353e-01	2.329296e-03
1.280000e+04	8.748381e-01	2.365630e-03
1.300000e+04	8.731517e-01	2.396902e-03
1.320000e+04	8.714756e-01	2.422220e-03
1.340000e+04	8.698093e-01	2.443713e-03
1.360000e+04	8.681492e-01	2.466005e-03
1.380000e+04	8.664955e-01	2.485310e-03
1.400000e+04	8.648498e-01	2.504361e-03
1.420000e+04	8.632072e-01	2.521783e-03
1.440000e+04	8.615703e-01	2.539295e-03
1.460000e+04	8.599401e-01	2.556997e-03
1.480000e+04	8.583158e-01	2.577358e-03
1.500000e+04	8.566955e-01	2.599551e-03
1.520000e+04	8.550794e-01	2.623552e-03
1.540000e+04	8.534688e-01	2.647597e-03
1.560000e+04	8.518613e-01	2.670431e-03
1.580000e+04	8.502570e-01	2.692485e-03
1.600000e+04	8.486579e-01	2.712608e-03
1.620000e+04	8.470645e-01	2.729054e-03
1.640000e+04	8.454773e-01	2.742478e-03
1.660000e+04	8.438975e-01	2.751820e-03
1.680000e+04	8.423263e-01	2.759797e-03
1.700000e+04	8.407624e-01	2.767162e-03
1.720000e+04	8.392006e-01	2.775241e-03
1.740000e+04	8.376418e-01	2.784973e-03
1.760000e+04	8.360850e-01	2.797475e-03
1.780000e+04	8.345337e-01	2.813397e-03
1.800000e+04	8.329889e-01	2.833588e-03
1.820000e+04	8.314491e-01	2.855941e-03
1.840000e+04	8.299145e-01	2.877805e-03
1.860000e+04	8.283849e-01	2.897685e-03
1.880000e+04	8.268597e-01	2.917841e-03
1.900000e+04	8.253403e-01	2.938446e-03
1.920000e+04	8.238258e-01	2.956304e-03
1.940000e+04	8.223170e-01	2.971769e-03
1.960000e+04	8.208141e-01	2.985603e-03
1.980000e+04	8.193182e-01	2.996231e-03
2.000000e+04	8.178302e-01	3.004060e-03
