2.000000e+02	9.786767e-01	1.385696e-03
4.000000e+02	9.586982e-01	1.427271e-03
6.000000e+02	9.406139e-01	1.811037e-03
8.000000e+02	9.228601e-01	2.148887e-03
1.000000e+03	9.055238e-01	2.332260e-03
1.200000e+03	8.889387e-01	2.565982e-03
1.400000e+03	8.728115e-01	2.669044e-03
1.600000e+03	8.572596e-01	2.657893e-03
1.800000e+03	8.421734e-01	2.784185e-03
2.000000e+03	8.276106e-01	2.859604e-03
2.200000e+03	8.134364e-01	2.963129e-03
2.400000e+03	7.996154e-01	3.087719e-03
2.600000e+03	7.861507e-01	3.131614e-03
2.800000e+03	7.731731e-01	3.165655e-03
3.000000e+03	7.605358e-01	3.210473e-03
3.200000e+03	7.482026e-01	3.230582e-03
3.400000e+03	7.362156e-01	3.245641e-03
3.600000e+03	7.245576e-01	3.226933e-03
3.800000e+03	7.132189e-01	3.212428e-03
4.000000e+03	7.021524e-01	3.189374e-03
4.200000e+03	6.914235e-01	3.165871e-03
4.400000e+03	6.810336e-01	3.171671e-03
4.600000e+03	6.709702e-01	3.155257e-03
4.800000e+03	6.612095e-01	3.108885e-03
5.000000e+03	6.517244e-01	3.074457e-03
5.200000e+03	6.425010e-01	3.044680e-03
5.400000e+03	6.335308e-01	2.993103e-03
5.600000e+03	6.247975e-01	2.951205e-03
5.800000e+03	6.163002e-01	2.908879e-03
6.000000e+03	6.080585e-01	2.869972e-03
6.200000e+03	6.000346e-01	2.842506e-03
6.400000e+03	5.922235e-01	2.804429e-03
6.600000e+03	5.846248e-01	2.763140e-03
6.800000e+03	5.772422e-01	2.722744e-03
7.000000e+03	5.700635e-01	2.692512e-03
7.200000e+03	5.630567e-01	2.633196e-03
7.400000e+03	5.562696e-01	2.558699e-03
7.600000e+03	5.496857e-01	2.505761e-03
7.800000e+03	5.432828e-01	2.458511e-03
8.000000e+03	5.370472e-01	2.421989e-03
8.200000e+03	5.309670e-01	2.386999e-03
8.400000e+03	5.250570e-01	2.351743e-03
8.600000e+03	5.192934e-01	2.313109e-03
8.800000e+03	5.136677e-01	2.278757e-03
9.000000e+03	5.082134e-01	2.231760e-03
9.200000e+03	5.029047e-01	2.178571e-03
9.400000e+03	4.977205e-01	2.132377e-03
9.600000e+03	4.926449e-01	2.089987e-03
9.800000e+03	4.876971e-01	2.044090e-03
1.000000e+04	4.828635e-01	1.997992e-03
1.020000e+04	4.781576e-01	1.959202e-03
1.040000e+04	4.735678e-01	1.939698e-03
1.060000e+04	4.690865e-01	1.926685e-03
1.080000e+04	4.647272e-01	1.906172e-03
1.100000e+04	4.604545e-01	1.874190e-03
1.120000e+04	4.562905e-01	1.848092e-03
1.140000e+04	4.522165e-01	1.833738e-03
1.160000e+04	4.482471e-01	1.832008e-03
1.180000e+04	4.443769e-01	1.831202e-03
1.200000e+04	4.406005e-01	1.828989e-03
1.220000e+04	4.369068e-01	1.814398e-03
1.240000e+04	4.332887e-01	1.802688e-03
1.260000e+04	4.297536e-01	1.798946e-03
1.280000e+04	4.263034e-01	1.805794e-03
1.300000e+04	4.229288e-01	1.809738e-03
1.320000e+04	4.196234e-01	1.808426e-03
1.340000e+04	4.164006e-01	1.816953e-03
1.360000e+04	4.132415e-01	1.817156e-03
1.380000e+04	4.101507e-01	1.818050e-03
1.400000e+04	4.071396e-01	1.817236e-03
1.420000e+04	4.041946e-01	1.823688e-03
1.440000e+04	4.013125e-01	1.824235e-03
1.460000e+04	3.984899e-01	1.812234e-03
1.480000e+04	3.957330e-01	1.805229e-03
1.500000e+04	3.930235e-01	1.791458e-03
1.520000e+04	3.903646e-01	1.760909e-03
1.540000e+04	3.877597e-01	1.732024e-03
1.560000e+04	3.852053e-01	1.700615e-03
1.580000e+04	3.827085e-01	1.665361e-03
1.600000e+04	3.802609e-01	1.632574e-03
1.620000e+04	3.778586e-01	1.607753e-03
1.640000e+04	3.755096e-01	1.579906e-03
1.660000e+04	3.732075e-01	1.554325e-03
1.680000e+04	3.709444e-01	1.535866e-03
1.700000e+04	3.687259e-01	1.519640e-03
1.720000e+04	3.665504e-01	1.511761e-03
1.740000e+04	3.644182e-01	1.509169e-03
1.760000e+04	3.623288e-01	1.504615e-03
1.780000e+04	3.602724e-01	1.499290e-03
1.800000e+04	3.582576e-01	1.492519e-03
1.820000e+04	3.562789e-01	1.490942e-03
1.840000e+04	3.543391e-01	1.487715e-03
1.860000e+04	3.524339e-01	1.489886e-03
1.880000e+04	3.505584e-01	1.495093e-03
1.900000e+04	3.487222e-01	1.494171e-03
1.920000e+04	3.469171e-01	1.487455e-03
1.940000e+04	3.451444e-01	1.487935e-03
1.960000e+04	3.434063e-01	1.495103e-03
1.980000e+04	3.416968e-01	1.495513e-03
2.000000e+04	3.400177e-01	1.493723e-03
