2.000000e+02	9.999922e-01	4.100233e-06
4.000000e+02	9.999737e-01	1.474345e-05
6.000000e+02	9.999481e-01	3.292643e-05
8.000000e+02	9.999101e-01	5.280479e-05
1.000000e+03	9.998647e-01	7.458189e-05
1.200000e+03	9.998049e-01	9.969354e-05
1.400000e+03	9.997315e-01	1.251360e-04
1.600000e+03	9.996462e-01	1.495544e-04
1.800000e+03	9.995496e-01	1.751857e-04
2.000000e+03	9.994362e-01	2.046872e-04
2.200000e+03	9.993132e-01	2.326589e-04
2.400000e+03	9.991817e-01	2.574369e-04
2.600000e+03	9.990374e-01	2.827405e-04
2.800000e+03	9.988838e-01	3.108530e-04
3.000000e+03	9.987199e-01	3.358671e-04
3.200000e+03	9.985499e-01	3.597279e-04
3.400000e+03	9.983710e-01	3.833810e-04
3.600000e+03	9.981863e-01	4.077096e-04
3.800000e+03	9.980005e-01	4.401581e-04
4.000000e+03	9.978141e-01	4.709699e-04
4.200000e+03	9.976241e-01	5.007069e-04
4.400000e+03	9.974276e-01	5.286454e-04
4.600000e+03	9.972231e-01	5.524047e-04
4.800000e+03	9.970168e-01	5.718261e-04
5.000000e+03	9.968029e-01	5.897699e-04
5.200000e+03	9.965831e-01	6.004422e-04
5.400000e+03	9.963603e-01	6.108840e-04
5.600000e+03	9.961345e-01	6.216563e-04
5.800000e+03	9.958980e-01	6.324776e-04
6.000000e+03	9.956546e-01	6.453974e-04
6.200000e+03	9.954054e-01	6.582630e-04
6.400000e+03	9.951514e-01	6.709650e-04
6.600000e+03	9.948898e-01	6.782034e-04
6.800000e+03	9.946225e-01	6.866113e-04
7.000000e+03	9.943540e-01	6.966408e-04
7.200000e+03	9.940793e-01	7.032026e-04
7.400000e+03	9.937996e-01	7.101519e-04
7.600000e+03	9.935167e-01	7.161267e-04
7.800000e+03	9.932308e-01	7.220868e-04
8.000000e+03	9.929436e-01	7.231123e-04
8.200000e+03	9.926548e-01	7.249940e-04
8.400000e+03	9.923627e-01	7.277082e-04
8.600000e+03	9.920694e-01	7.295805e-04
8.800000e+03	9.917731e-01	7.296832e-04
9.000000e+03	9.914729e-01	7.277389e-04
9.200000e+03	9.911712e-01	7.285803e-04
9.400000e+03	9.908710e-01	7.300237e-04
9.600000e+03	9.905685e-01	7.298849e-04
9.800000e+03	9.902611e-01	7.263155e-04
1.000000e+04	9.899504e-01	7.235599e-04
1.020000e+04	9.896376e-01	7.199792e-04
1.040000e+04	9.893221e-01	7.139670e-04
1.060000e+04	9.890048e-01	7.074855e-04
1.080000e+04	9.886852e-01	7.014405e-04
1.100000e+04	9.883641e-01	6.949137e-04
1.120000e+04	9.880418e-01	6.897333e-04
1.140000e+04	9.877162e-01	6.856278e-04
1.160000e+04	9.873864e-01	6.833807e-04
1.180000e+04	9.870559e-01	6.809776e-04
1.200000e+04	9.867251e-01	6.804797e-04
1.220000e+04	9.863916e-01	6.808163e-04
1.240000e+04	9.860551e-01	6.813045e-04
1.260000e+04	9.857169e-01	6.828388e-04
1.280000e+04	9.853763e-01	6.836810e-04
1.300000e+04	9.850345e-01	6.867450e-04
1.320000e+04	9.846902e-01	6.877078e-04
1.340000e+04	9.843439e-01	6.885488e-04
1.360000e+04	9.839952e-01	6.880951e-04
1.380000e+04	9.836448e-01	6.871304e-04
1.400000e+04	9.832922e-01	6.886912e-04
1.420000e+04	9.829402e-01	6.893432e-04
1.440000e+04	9.825885e-01	6.889469e-04
1.460000e+04	9.822363e-01	6.873305e-04
1.480000e+04	9.818829e-01	6.845430e-04
1.500000e+04	9.815275e-01	6.806112e-04
1.520000e+04	9.811733e-01	6.765542e-04
1.540000e+04	9.808213e-01	6.718854e-04
1.560000e+04	9.804689e-01	6.665332e-04
1.580000e+04	9.801159e-01	6.617545e-04
1.600000e+04	9.797618e-01	6.585051e-04
1.620000e+04	9.794077e-01	6.560061e-04
1.640000e+04	9.790520e-01	6.540767e-04
1.660000e+04	9.786962e-01	6.507599e-04
1.680000e+04	9.783394e-01	6.472039e-04
1.700000e+04	9.779819e-01	6.437415e-04
1.720000e+04	9.776241e-01	6.409499e-04
1.740000e+04	9.772672e-01	6.388626e-04
1.760000e+04	9.769107e-01	6.367504e-04
1.780000e+04	9.765523e-01	6.339537e-04
1.800000e+04	9.761945e-01	6.306778e-04
1.820000e+04	9.758376e-01	6.265790e-04
1.840000e+04	9.754805e-01	6.219600e-04
1.860000e+04	9.751243e-01	6.184827e-04
1.880000e+04	9.747681e-01	6.169641e-04
1.900000e+04	9.744116e-01	6.159695e-04
1.920000e+04	9.740569e-01	6.166279e-04
1.940000e+04	9.737028e-01	6.160786e-04
1.960000e+04	9.733495e-01	6.142113e-04
1.980000e+04	9.729969e-01	6.129911e-04
2.000000e+04	9.726445e-01	6.119646e-04
