2.000000e+02	9.914629e-01	1.765751e-03
4.000000e+02	9.846819e-01	1.172075e-03
6.000000e+02	9.775942e-01	1.431312e-03
8.000000e+02	9.715369e-01	1.602407e-03
1.000000e+03	9.658003e-01	1.505361e-03
1.200000e+03	9.601288e-01	1.551576e-03
1.400000e+03	9.546032e-01	1.535172e-03
1.600000e+03	9.492826e-01	1.546762e-03
1.800000e+03	9.440381e-01	1.700355e-03
2.000000e+03	9.389114e-01	1.748739e-03
2.200000e+03	9.338188e-01	1.815448e-03
2.400000e+03	9.286578e-01	1.798945e-03
2.600000e+03	9.236729e-01	1.806726e-03
2.800000e+03	9.186469e-01	1.795055e-03
3.000000e+03	9.137106e-01	1.828632e-03
3.200000e+03	9.088315e-01	1.828035e-03
3.400000e+03	9.040057e-01	1.775412e-03
3.600000e+03	8.993234e-01	1.731075e-03
3.800000e+03	8.947058e-01	1.696631e-03
4.000000e+03	8.901240e-01	1.691088e-03
4.200000e+03	8.855727e-01	1.714256e-03
4.400000e+03	8.810802e-01	1.733414e-03
4.600000e+03	8.766426e-01	1.674166e-03
4.800000e+03	8.722639e-01	1.608361e-03
5.000000e+03	8.678948e-01	1.618354e-03
5.200000e+03	8.635566e-01	1.633283e-03
5.400000e+03	8.592763e-01	1.634866e-03
5.600000e+03	8.549848e-01	1.668035e-03
5.800000e+03	8.507628e-01	1.661470e-03
6.000000e+03	8.466201e-01	1.650780e-03
6.200000e+03	8.424889e-01	1.629720e-03
6.400000e+03	8.383793e-01	1.621626e-03
6.600000e+03	8.343604e-01	1.620266e-03
6.800000e+03	8.303876e-01	1.608422e-03
7.000000e+03	8.264471e-01	1.594361e-03
7.200000e+03	8.224862e-01	1.600083e-03
7.400000e+03	8.185717e-01	1.619493e-03
7.600000e+03	8.146831e-01	1.601076e-03
7.800000e+03	8.108435e-01	1.590919e-03
8.000000e+03	8.070370e-01	1.584892e-03
8.200000e+03	8.032422e-01	1.577298e-03
8.400000e+03	7.994944e-01	1.559805e-03
8.600000e+03	7.957744e-01	1.550728e-03
8.800000e+03	7.920897e-01	1.543269e-03
9.000000e+03	7.884255e-01	1.536598e-03
9.200000e+03	7.847996e-01	1.544622e-03
9.400000e+03	7.811825e-01	1.549725e-03
9.600000e+03	7.775862e-01	1.590306e-03
9.800000e+03	7.740259e-01	1.614290e-03
1.000000e+04	7.705050e-01	1.628418e-03
1.020000e+04	7.670125e-01	1.646998e-03
1.040000e+04	7.635508e-01	1.666960e-03
1.060000e+04	7.601166e-01	1.668794e-03
1.080000e+04	7.567038e-01	1.680933e-03
1.100000e+04	7.533138e-01	1.670329e-03
1.120000e+04	7.499424e-01	1.671081e-03
1.140000e+04	7.465957e-01	1.680159e-03
1.160000e+04	7.432871e-01	1.670614e-03
1.180000e+04	7.400052e-01	1.660280e-03
1.200000e+04	7.367422e-01	1.643509e-03
1.220000e+04	7.335051e-01	1.640446e-03
1.240000e+04	7.303004e-01	1.629927e-03
1.260000e+04	7.271173e-01	1.631610e-03
1.280000e+04	7.239670e-01	1.645314e-03
1.300000e+04	7.208344e-01	1.672546e-03
1.320000e+04	7.177351e-01	1.692871e-03
1.340000e+04	7.146800e-01	1.703941e-03
1.360000e+04	7.116512e-01	1.695276e-03
1.380000e+04	7.086468e-01	1.693708e-03
1.400000e+04	7.056693e-01	1.700459e-03
1.420000e+04	7.027016e-01	1.701878e-03
1.440000e+04	6.997610e-01	1.703160e-03
1.460000e+04	6.968453e-01	1.704311e-03
1.480000e+04	6.939443e-01	1.695688e-03
1.500000e+04	6.910783e-01	1.685039e-03
1.520000e+04	6.882278e-01	1.684537e-03
1.540000e+04	6.854057e-01	1.681904e-03
1.560000e+04	6.825992e-01	1.685311e-03
1.580000e+04	6.798156e-01	1.691641e-03
1.600000e+04	6.770514e-01	1.690478e-03
1.620000e+04	6.743077e-01	1.683765e-03
1.640000e+04	6.715806e-01	1.684946e-03
1.660000e+04	6.688732e-01	1.684417e-03
1.680000e+04	6.661970e-01	1.675896e-03
1.700000e+04	6.635328e-01	1.662204e-03
1.720000e+04	6.608907e-01	1.652407e-03
1.740000e+04	6.582680e-01	1.646432e-03
1.760000e+04	6.556652e-01	1.635891e-03
1.780000e+04	6.530774e-01	1.631947e-03
1.800000e+04	6.505118e-01	1.628061e-03
1.820000e+04	6.479589e-01	1.624770e-03
1.840000e+04	6.454266e-01	1.625020e-03
1.860000e+04	6.429189e-01	1.628226e-03
1.880000e+04	6.404311e-01	1.619681e-03
1.900000e+04	6.379658e-01	1.613473e-03
1.920000e+04	6.355102e-01	1.608016e-03
1.940000e+04	6.330725e-01	1.600495e-03
1.960000e+04	6.306554e-01	1.597007e-03
1.980000e+04	6.282597e-01	1.597582e-03
2.000000e+04	6.258780e-01	1.598543e-03
