2.000000e+02	9.999561e-01	1.196118e-05
4.000000e+02	9.998226e-01	5.982386e-05
6.000000e+02	9.996330e-01	1.086493e-04
8.000000e+02	9.993754e-01	1.484534e-04
1.000000e+03	9.990456e-01	1.834643e-04
1.200000e+03	9.986584e-01	2.205375e-04
1.400000e+03	9.982324e-01	2.597943e-04
1.600000e+03	9.977902e-01	3.166929e-04
1.800000e+03	9.973169e-01	3.705447e-04
2.000000e+03	9.968074e-01	4.246894e-04
2.200000e+03	9.962798e-01	4.722666e-04
2.400000e+03	9.957319e-01	5.038498e-04
2.600000e+03	9.951755e-01	5.409400e-04
2.800000e+03	9.946097e-01	5.915947e-04
3.000000e+03	9.940232e-01	6.427691e-04
3.200000e+03	9.934198e-01	7.005470e-04
3.400000e+03	9.927994e-01	7.678070e-04
3.600000e+03	9.921600e-01	8.249193e-04
3.800000e+03	9.915183e-01	8.712952e-04
4.000000e+03	9.908632e-01	9.119521e-04
4.200000e+03	9.902018e-01	9.456475e-04
4.400000e+03	9.895443e-01	9.887974e-04
4.600000e+03	9.888946e-01	1.032100e-03
4.800000e+03	9.882431e-01	1.066081e-03
5.000000e+03	9.875944e-01	1.097301e-03
5.200000e+03	9.869380e-01	1.132693e-03
5.400000e+03	9.862756e-01	1.164812e-03
5.600000e+03	9.856080e-01	1.192190e-03
5.800000e+03	9.849380e-01	1.217659e-03
6.000000e+03	9.842705e-01	1.243426e-03
6.200000e+03	9.836031e-01	1.265112e-03
6.400000e+03	9.829323e-01	1.277942e-03
6.600000e+03	9.822558e-01	1.282134e-03
6.800000e+03	9.815768e-01	1.281230e-03
7.000000e+03	9.809000e-01	1.276393e-03
7.200000e+03	9.802194e-01	1.264922e-03
7.400000e+03	9.795413e-01	1.253180e-03
7.600000e+03	9.788635e-01	1.245057e-03
7.800000e+03	9.781798e-01	1.234811e-03
8.000000e+03	9.774939e-01	1.225519e-03
8.200000e+03	9.768125e-01	1.222556e-03
8.400000e+03	9.761276e-01	1.220210e-03
8.600000e+03	9.754411e-01	1.217816e-03
8.800000e+03	9.747520e-01	1.208182e-03
9.000000e+03	9.740617e-01	1.191658e-03
9.200000e+03	9.733750e-01	1.175552e-03
9.400000e+03	9.726945e-01	1.156009e-03
9.600000e+03	9.720213e-01	1.134168e-03
9.800000e+03	9.713496e-01	1.113977e-03
1.000000e+04	9.706792e-01	1.098816e-03
1.020000e+04	9.700075e-01	1.083517e-03
1.040000e+04	9.693371e-01	1.070845e-03
1.060000e+04	9.686662e-01	1.062065e-03
1.080000e+04	9.679921e-01	1.051102e-03
1.100000e+04	9.673159e-01	1.035446e-03
1.120000e+04	9.666401e-01	1.021276e-03
1.140000e+04	9.659614e-01	1.007389e-03
1.160000e+04	9.652801e-01	9.922402e-04
1.180000e+04	9.645977e-01	9.805879e-04
1.200000e+04	9.639144e-01	9.719124e-04
1.220000e+04	9.632274e-01	9.655671e-04
1.240000e+04	9.625416e-01	9.622894e-04
1.260000e+04	9.618554e-01	9.602345e-04
1.280000e+04	9.611663e-01	9.569712e-04
1.300000e+04	9.604768e-01	9.553241e-04
1.320000e+04	9.597896e-01	9.536153e-04
1.340000e+04	9.591037e-01	9.543172e-04
1.360000e+04	9.584182e-01	9.565021e-04
1.380000e+04	9.577342e-01	9.589723e-04
1.400000e+04	9.570507e-01	9.638780e-04
1.420000e+04	9.563691e-01	9.701121e-04
1.440000e+04	9.556906e-01	9.764485e-04
1.460000e+04	9.550143e-01	9.836081e-04
1.480000e+04	9.543420e-01	9.923376e-04
1.500000e+04	9.536734e-01	1.001197e-03
1.520000e+04	9.530068e-01	1.010365e-03
1.540000e+04	9.523449e-01	1.019260e-03
1.560000e+04	9.516860e-01	1.028062e-03
1.580000e+04	9.510303e-01	1.036677e-03
1.600000e+04	9.503783e-01	1.045261e-03
1.620000e+04	9.497272e-01	1.052355e-03
1.640000e+04	9.490775e-01	1.059312e-03
1.660000e+04	9.484293e-01	1.064675e-03
1.680000e+04	9.477827e-01	1.070052e-03
1.700000e+04	9.471365e-01	1.073820e-03
1.720000e+04	9.464911e-01	1.075704e-03
1.740000e+04	9.458457e-01	1.077412e-03
1.760000e+04	9.452013e-01	1.077919e-03
1.780000e+04	9.445583e-01	1.075974e-03
1.800000e+04	9.439157e-01	1.069792e-03
1.820000e+04	9.432718e-01	1.063073e-03
1.840000e+04	9.426274e-01	1.056940e-03
1.860000e+04	9.419834e-01	1.052386e-03
1.880000e+04	9.413388e-01	1.048953e-03
1.900000e+04	9.406944e-01	1.046615e-03
1.920000e+04	9.400508e-01	1.045337e-03
1.940000e+04	9.394074e-01	1.044901e-03
1.960000e+04	9.387658e-01	1.046316e-03
1.980000e+04	9.381236e-01	1.047983e-03
2.000000e+04	9.374808e-01	1.049699e-03
