2.000000e+02	9.968937e-01	3.637115e-04
4.000000e+02	9.910843e-01	8.836825e-04
6.000000e+02	9.847566e-01	1.346439e-03
8.000000e+02	9.782092e-01	1.682137e-03
1.000000e+03	9.716843e-01	1.839224e-03
1.200000e+03	9.652419e-01	1.932824e-03
1.400000e+03	9.587714e-01	2.114386e-03
1.600000e+03	9.524790e-01	2.398797e-03
1.800000e+03	9.463497e-01	2.695754e-03
2.000000e+03	9.403130e-01	2.905889e-03
2.200000e+03	9.343211e-01	2.989124e-03
2.400000e+03	9.283853e-01	3.085877e-03
2.600000e+03	9.224761e-01	3.193410e-03
2.800000e+03	9.165954e-01	3.328775e-03
3.000000e+03	9.107935e-01	3.449560e-03
3.200000e+03	9.050973e-01	3.529141e-03
3.400000e+03	8.994325e-01	3.597196e-03
3.600000e+03	8.938149e-01	3.680239e-03
3.800000e+03	8.882764e-01	3.784303e-03
4.000000e+03	8.827916e-01	3.896057e-03
4.200000e+03	8.773651e-01	4.020068e-03
4.400000e+03	8.720037e-01	4.140956e-03
4.600000e+03	8.667102e-01	4.249610e-03
4.800000e+03	8.615001e-01	4.347171e-03
5.000000e+03	8.563555e-01	4.414958e-03
5.200000e+03	8.512637e-01	4.465771e-03
5.400000e+03	8.462309e-01	4.516991e-03
5.600000e+03	8.412563e-01	4.555696e-03
5.800000e+03	8.363378e-01	4.590385e-03
6.000000e+03	8.314887e-01	4.636043e-03
6.200000e+03	8.267018e-01	4.675229e-03
6.400000e+03	8.219695e-01	4.708697e-03
6.600000e+03	8.172826e-01	4.738487e-03
6.800000e+03	8.126412e-01	4.754851e-03
7.000000e+03	8.080541e-01	4.773590e-03
7.200000e+03	8.035285e-01	4.799146e-03
7.400000e+03	7.990518e-01	4.811774e-03
7.600000e+03	7.946343e-01	4.811339e-03
7.800000e+03	7.902640e-01	4.807918e-03
8.000000e+03	7.859383e-01	4.802072e-03
8.200000e+03	7.816655e-01	4.794844e-03
8.400000e+03	7.774387e-01	4.791764e-03
8.600000e+03	7.732550e-01	4.786558e-03
8.800000e+03	7.691119e-01	4.773794e-03
9.000000e+03	7.650143e-01	4.767250e-03
9.200000e+03	7.609608e-01	4.754786e-03
9.400000e+03	7.569540e-01	4.742282e-03
9.600000e+03	7.529880e-01	4.733612e-03
9.800000e+03	7.490611e-01	4.724212e-03
1.000000e+04	7.451763e-01	4.706178e-03
1.020000e+04	7.413342e-01	4.684828e-03
1.040000e+04	7.375344e-01	4.654775e-03
1.060000e+04	7.337726e-01	4.626395e-03
1.080000e+04	7.300471e-01	4.599966e-03
1.100000e+04	7.263558e-01	4.567637e-03
1.120000e+04	7.226934e-01	4.525307e-03
1.140000e+04	7.190659e-01	4.477129e-03
1.160000e+04	7.154752e-01	4.428107e-03
1.180000e+04	7.119192e-01	4.384044e-03
1.200000e+04	7.083975e-01	4.336463e-03
1.220000e+04	7.049087e-01	4.287608e-03
1.240000e+04	7.014438e-01	4.239383e-03
1.260000e+04	6.980038e-01	4.195742e-03
1.280000e+04	6.945929e-01	4.153337e-03
1.300000e+04	6.912172e-01	4.110824e-03
1.320000e+04	6.878743e-01	4.071272e-03
1.340000e+04	6.845595e-01	4.033401e-03
1.360000e+04	6.812734e-01	3.998740e-03
1.380000e+04	6.780152e-01	3.968325e-03
1.400000e+04	6.747888e-01	3.932500e-03
1.420000e+04	6.715963e-01	3.896292e-03
1.440000e+04	6.684358e-01	3.862801e-03
1.460000e+04	6.653057e-01	3.828145e-03
1.480000e+04	6.622028e-01	3.793004e-03
1.500000e+04	6.591241e-01	3.758825e-03
1.520000e+04	6.560722e-01	3.725928e-03
1.540000e+04	6.530467e-01	3.695396e-03
1.560000e+04	6.500492e-01	3.672584e-03
1.580000e+04	6.470791e-01	3.655914e-03
1.600000e+04	6.441340e-01	3.641161e-03
1.620000e+04	6.412123e-01	3.627721e-03
1.640000e+04	6.383138e-01	3.613993e-03
1.660000e+04	6.354422e-01	3.596919e-03
1.680000e+04	6.325962e-01	3.581060e-03
1.700000e+04	6.297770e-01	3.569267e-03
1.720000e+04	6.269847e-01	3.560231e-03
1.740000e+04	6.242160e-01	3.555987e-03
1.760000e+04	6.214723e-01	3.556533e-03
1.780000e+04	6.187542e-01	3.558096e-03
1.800000e+04	6.160602e-01	3.557701e-03
1.820000e+04	6.133901e-01	3.556070e-03
1.840000e+04	6.107414e-01	3.552573e-03
1.860000e+04	6.081176e-01	3.548219e-03
1.880000e+04	6.055190e-01	3.543796e-03
1.900000e+04	6.029436e-01	3.540908e-03
1.920000e+04	6.003913e-01	3.540464e-03
1.940000e+04	5.978602e-01	3.539155e-03
1.960000e+04	5.953478e-01	3.541327e-03
1.980000e+04	5.928568e-01	3.547477e-03
2.000000e+04	5.903874e-01	3.557447e-03
