2.000000e+02	9.938829e-01	8.452798e-04
4.000000e+02	9.865756e-01	1.545921e-03
6.000000e+02	9.792760e-01	2.119881e-03
8.000000e+02	9.721208e-01	2.391176e-03
1.000000e+03	9.649393e-01	2.539861e-03
1.200000e+03	9.578907e-01	2.552215e-03
1.400000e+03	9.510550e-01	2.506232e-03
1.600000e+03	9.443841e-01	2.523952e-03
1.800000e+03	9.377697e-01	2.492476e-03
2.000000e+03	9.313203e-01	2.501887e-03
2.200000e+03	9.249731e-01	2.528651e-03
2.400000e+03	9.187075e-01	2.604625e-03
2.600000e+03	9.125297e-01	2.716204e-03
2.800000e+03	9.064839e-01	2.843503e-03
3.000000e+03	9.005142e-01	2.955290e-03
3.200000e+03	8.946297e-01	3.091778e-03
3.400000e+03	8.888040e-01	3.252891e-03
3.600000e+03	8.830597e-01	3.408414e-03
3.800000e+03	8.773990e-01	3.546787e-03
4.000000e+03	8.718182e-01	3.675004e-03
4.200000e+03	8.663502e-01	3.772358e-03
4.400000e+03	8.609484e-01	3.854955e-03
4.600000e+03	8.555997e-01	3.917138e-03
4.800000e+03	8.503348e-01	3.989003e-03
5.000000e+03	8.451288e-01	4.081676e-03
5.200000e+03	8.399871e-01	4.143374e-03
5.400000e+03	8.349280e-01	4.194110e-03
5.600000e+03	8.299550e-01	4.243395e-03
5.800000e+03	8.250587e-01	4.276647e-03
6.000000e+03	8.202345e-01	4.281617e-03
6.200000e+03	8.154778e-01	4.290739e-03
6.400000e+03	8.107849e-01	4.312008e-03
6.600000e+03	8.061468e-01	4.325852e-03
6.800000e+03	8.015577e-01	4.335141e-03
7.000000e+03	7.970406e-01	4.332919e-03
7.200000e+03	7.925924e-01	4.328095e-03
7.400000e+03	7.881994e-01	4.320754e-03
7.600000e+03	7.838703e-01	4.314917e-03
7.800000e+03	7.796115e-01	4.314645e-03
8.000000e+03	7.754050e-01	4.321917e-03
8.200000e+03	7.712599e-01	4.329627e-03
8.400000e+03	7.671802e-01	4.340885e-03
8.600000e+03	7.631567e-01	4.342246e-03
8.800000e+03	7.591816e-01	4.339608e-03
9.000000e+03	7.552577e-01	4.333968e-03
9.200000e+03	7.513876e-01	4.328922e-03
9.400000e+03	7.475684e-01	4.322569e-03
9.600000e+03	7.438034e-01	4.312471e-03
9.800000e+03	7.400888e-01	4.305066e-03
1.000000e+04	7.364201e-01	4.292992e-03
1.020000e+04	7.328029e-01	4.281260e-03
1.040000e+04	7.292311e-01	4.271061e-03
1.060000e+04	7.257021e-01	4.262885e-03
1.080000e+04	7.222222e-01	4.254625e-03
1.100000e+04	7.187832e-01	4.238605e-03
1.120000e+04	7.153841e-01	4.221817e-03
1.140000e+04	7.120251e-01	4.204835e-03
1.160000e+04	7.087061e-01	4.190456e-03
1.180000e+04	7.054195e-01	4.180284e-03
1.200000e+04	7.021696e-01	4.174713e-03
1.220000e+04	6.989609e-01	4.167671e-03
1.240000e+04	6.957897e-01	4.153408e-03
1.260000e+04	6.926557e-01	4.136877e-03
1.280000e+04	6.895614e-01	4.118452e-03
1.300000e+04	6.865008e-01	4.098383e-03
1.320000e+04	6.834787e-01	4.076684e-03
1.340000e+04	6.804900e-01	4.057730e-03
1.360000e+04	6.775407e-01	4.038707e-03
1.380000e+04	6.746303e-01	4.018059e-03
1.400000e+04	6.717535e-01	3.995014e-03
1.420000e+04	6.689129e-01	3.972813e-03
1.440000e+04	6.661086e-01	3.952143e-03
1.460000e+04	6.633396e-01	3.935972e-03
1.480000e+04	6.606059e-01	3.919358e-03
1.500000e+04	6.579036e-01	3.901892e-03
1.520000e+04	6.552355e-01	3.880077e-03
1.540000e+04	6.525975e-01	3.857432e-03
1.560000e+04	6.499914e-01	3.827157e-03
1.580000e+04	6.474138e-01	3.792125e-03
1.600000e+04	6.448676e-01	3.761483e-03
1.620000e+04	6.423478e-01	3.732276e-03
1.640000e+04	6.398531e-01	3.704822e-03
1.660000e+04	6.373888e-01	3.679889e-03
1.680000e+04	6.349561e-01	3.649246e-03
1.700000e+04	6.325549e-01	3.620177e-03
1.720000e+04	6.301825e-01	3.590877e-03
1.740000e+04	6.278368e-01	3.559181e-03
1.760000e+04	6.255147e-01	3.527520e-03
1.780000e+04	6.232156e-01	3.496967e-03
1.800000e+04	6.209415e-01	3.465984e-03
1.820000e+04	6.186940e-01	3.437724e-03
1.840000e+04	6.164750e-01	3.411041e-03
1.860000e+04	6.142824e-01	3.386950e-03
1.880000e+04	6.121126e-01	3.368243e-03
1.900000e+04	6.099661e-01	3.348711e-03
1.920000e+04	6.078434e-01	3.325806e-03
1.940000e+04	6.057423e-01	3.297156e-03
1.960000e+04	6.036615e-01	3.271501e-03
1.980000e+04	6.016005e-01	3.248882e-03
2.000000e+04	5.995648e-01	3.227601e-03
