2.000000e+02	9.986347e-01	3.632011e-04
4.000000e+02	9.964514e-01	4.325490e-04
6.000000e+02	9.940936e-01	7.049583e-04
8.000000e+02	9.917801e-01	7.480962e-04
1.000000e+03	9.893869e-01	7.075656e-04
1.200000e+03	9.869574e-01	7.310191e-04
1.400000e+03	9.844818e-01	7.009218e-04
1.600000e+03	9.820054e-01	6.743795e-04
1.800000e+03	9.794584e-01	5.906774e-04
2.000000e+03	9.769215e-01	5.368372e-04
2.200000e+03	9.744258e-01	5.958671e-04
2.400000e+03	9.719964e-01	6.772982e-04
2.600000e+03	9.695961e-01	7.467775e-04
2.800000e+03	9.671870e-01	8.200991e-04
3.000000e+03	9.647890e-01	8.513338e-04
3.200000e+03	9.624170e-01	8.626757e-04
3.400000e+03	9.600756e-01	9.118934e-04
3.600000e+03	9.577252e-01	9.799341e-04
3.800000e+03	9.553735e-01	1.047768e-03
4.000000e+03	9.530363e-01	1.128571e-03
4.200000e+03	9.507160e-01	1.206190e-03
4.400000e+03	9.484144e-01	1.277463e-03
4.600000e+03	9.461166e-01	1.346285e-03
4.800000e+03	9.438210e-01	1.401281e-03
5.000000e+03	9.415461e-01	1.454477e-03
5.200000e+03	9.392835e-01	1.489339e-03
5.400000e+03	9.370126e-01	1.500252e-03
5.600000e+03	9.347479e-01	1.494280e-03
5.800000e+03	9.325035e-01	1.480885e-03
6.000000e+03	9.302753e-01	1.450685e-03
6.200000e+03	9.280716e-01	1.424397e-03
6.400000e+03	9.258878e-01	1.399234e-03
6.600000e+03	9.237136e-01	1.372631e-03
6.800000e+03	9.215424e-01	1.345841e-03
7.000000e+03	9.193776e-01	1.314651e-03
7.200000e+03	9.172279e-01	1.284314e-03
7.400000e+03	9.150829e-01	1.251894e-03
7.600000e+03	9.129548e-01	1.218357e-03
7.800000e+03	9.108464e-01	1.190889e-03
8.000000e+03	9.087577e-01	1.162255e-03
8.200000e+03	9.066857e-01	1.137731e-03
8.400000e+03	9.046228e-01	1.117906e-03
8.600000e+03	9.025730e-01	1.095908e-03
8.800000e+03	9.005441e-01	1.073507e-03
9.000000e+03	8.985313e-01	1.052770e-03
9.200000e+03	8.965272e-01	1.037305e-03
9.400000e+03	8.945303e-01	1.028144e-03
9.600000e+03	8.925428e-01	1.021475e-03
9.800000e+03	8.905652e-01	1.012000e-03
1.000000e+04	8.885969e-01	1.008652e-03
1.020000e+04	8.866424e-01	1.010758e-03
1.040000e+04	8.846966e-01	1.010001e-03
1.060000e+04	8.827615e-01	1.006541e-03
1.080000e+04	8.808433e-01	1.011380e-03
1.100000e+04	8.789364e-01	1.017484e-03
1.120000e+04	8.770391e-01	1.022770e-03
1.140000e+04	8.751510e-01	1.031111e-03
1.160000e+04	8.732769e-01	1.041477e-03
1.180000e+04	8.714186e-01	1.054895e-03
1.200000e+04	8.695708e-01	1.064749e-03
1.220000e+04	8.677287e-01	1.069422e-03
1.240000e+04	8.658931e-01	1.073854e-03
1.260000e+04	8.640685e-01	1.078442e-03
1.280000e+04	8.622510e-01	1.082434e-03
1.300000e+04	8.604442e-01	1.084855e-03
1.320000e+04	8.586487e-01	1.091922e-03
1.340000e+04	8.568624e-01	1.099762e-03
1.360000e+04	8.550828e-01	1.101928e-03
1.380000e+04	8.533118e-01	1.106310e-03
1.400000e+04	8.515520e-01	1.113033e-03
1.420000e+04	8.498011e-01	1.122725e-03
1.440000e+04	8.480549e-01	1.129440e-03
1.460000e+04	8.463196e-01	1.134139e-03
1.480000e+04	8.445966e-01	1.138977e-03
1.500000e+04	8.428853e-01	1.145168e-03
1.520000e+04	8.411857e-01	1.150660e-03
1.540000e+04	8.394951e-01	1.153412e-03
1.560000e+04	8.378080e-01	1.155655e-03
1.580000e+04	8.361280e-01	1.158612e-03
1.600000e+04	8.344579e-01	1.163643e-03
1.620000e+04	8.327978e-01	1.169100e-03
1.640000e+04	8.311448e-01	1.175183e-03
1.660000e+04	8.294998e-01	1.180502e-03
1.680000e+04	8.278641e-01	1.185470e-03
1.700000e+04	8.262348e-01	1.189095e-03
1.720000e+04	8.246144e-01	1.193480e-03
1.740000e+04	8.230019e-01	1.198468e-03
1.760000e+04	8.213951e-01	1.204386e-03
1.780000e+04	8.197929e-01	1.210351e-03
1.800000e+04	8.181947e-01	1.217321e-03
1.820000e+04	8.166022e-01	1.223964e-03
1.840000e+04	8.150147e-01	1.231157e-03
1.860000e+04	8.134350e-01	1.237392e-03
1.880000e+04	8.118624e-01	1.243799e-03
1.900000e+04	8.102940e-01	1.251740e-03
1.920000e+04	8.087318e-01	1.258750e-03
1.940000e+04	8.071745e-01	1.266875e-03
1.960000e+04	8.056239e-01	1.275985e-03
1.980000e+04	8.040806e-01	1.283970e-03
2.000000e+04	8.025455e-01	1.292824e-03
