2.000000e+02	9.966270e-01	1.229204e-03
4.000000e+02	9.930629e-01	1.890708e-03
6.000000e+02	9.895667e-01	2.420018e-03
8.000000e+02	9.862455e-01	2.762637e-03
1.000000e+03	9.830698e-01	2.945235e-03
1.200000e+03	9.799712e-01	3.041161e-03
1.400000e+03	9.768050e-01	3.012711e-03
1.600000e+03	9.738024e-01	3.028209e-03
1.800000e+03	9.708576e-01	2.923208e-03
2.000000e+03	9.680235e-01	2.780799e-03
2.200000e+03	9.652395e-01	2.731957e-03
2.400000e+03	9.624975e-01	2.762839e-03
2.600000e+03	9.598130e-01	2.749644e-03
2.800000e+03	9.572102e-01	2.733443e-03
3.000000e+03	9.546562e-01	2.693360e-03
3.200000e+03	9.521473e-01	2.670255e-03
3.400000e+03	9.496400e-01	2.638681e-03
3.600000e+03	9.471607e-01	2.579854e-03
3.800000e+03	9.447356e-01	2.528636e-03
4.000000e+03	9.423431e-01	2.491472e-03
4.200000e+03	9.399963e-01	2.454006e-03
4.400000e+03	9.377214e-01	2.446203e-03
4.600000e+03	9.354863e-01	2.424991e-03
4.800000e+03	9.333216e-01	2.431336e-03
5.000000e+03	9.311697e-01	2.430155e-03
5.200000e+03	9.290360e-01	2.429139e-03
5.400000e+03	9.269228e-01	2.394221e-03
5.600000e+03	9.248174e-01	2.377540e-03
5.800000e+03	9.227465e-01	2.355888e-03
6.000000e+03	9.206758e-01	2.334113e-03
6.200000e+03	9.186210e-01	2.303448e-03
6.400000e+03	9.166224e-01	2.282972e-03
6.600000e+03	9.146563e-01	2.261618e-03
6.800000e+03	9.127096e-01	2.244072e-03
7.000000e+03	9.107904e-01	2.250519e-03
7.200000e+03	9.088670e-01	2.258464e-03
7.400000e+03	9.069451e-01	2.264846e-03
7.600000e+03	9.050350e-01	2.277451e-03
7.800000e+03	9.031568e-01	2.296592e-03
8.000000e+03	9.012971e-01	2.310179e-03
8.200000e+03	8.994542e-01	2.338902e-03
8.400000e+03	8.976347e-01	2.368693e-03
8.600000e+03	8.958386e-01	2.385728e-03
8.800000e+03	8.940574e-01	2.405937e-03
9.000000e+03	8.922829e-01	2.420902e-03
9.200000e+03	8.905350e-01	2.433516e-03
9.400000e+03	8.888154e-01	2.431584e-03
9.600000e+03	8.871153e-01	2.428857e-03
9.800000e+03	8.854276e-01	2.418759e-03
1.000000e+04	8.837463e-01	2.418731e-03
1.020000e+04	8.820717e-01	2.423483e-03
1.040000e+04	8.803978e-01	2.422862e-03
1.060000e+04	8.787287e-01	2.420950e-03
1.080000e+04	8.770745e-01	2.417163e-03
1.100000e+04	8.754275e-01	2.421497e-03
1.120000e+04	8.737938e-01	2.432591e-03
1.140000e+04	8.721765e-01	2.441171e-03
1.160000e+04	8.705744e-01	2.448584e-03
1.180000e+04	8.689857e-01	2.453566e-03
1.200000e+04	8.674056e-01	2.456266e-03
1.220000e+04	8.658303e-01	2.446522e-03
1.240000e+04	8.642654e-01	2.431826e-03
1.260000e+04	8.627157e-01	2.418449e-03
1.280000e+04	8.611765e-01	2.415731e-03
1.300000e+04	8.596415e-01	2.417563e-03
1.320000e+04	8.581159e-01	2.420793e-03
1.340000e+04	8.566007e-01	2.430696e-03
1.360000e+04	8.550895e-01	2.442233e-03
1.380000e+04	8.535830e-01	2.452277e-03
1.400000e+04	8.520824e-01	2.463716e-03
1.420000e+04	8.505900e-01	2.473489e-03
1.440000e+04	8.491085e-01	2.473795e-03
1.460000e+04	8.476349e-01	2.471207e-03
1.480000e+04	8.461657e-01	2.468597e-03
1.500000e+04	8.447037e-01	2.462934e-03
1.520000e+04	8.432481e-01	2.452358e-03
1.540000e+04	8.417967e-01	2.440775e-03
1.560000e+04	8.403524e-01	2.422971e-03
1.580000e+04	8.389166e-01	2.405363e-03
1.600000e+04	8.374850e-01	2.384831e-03
1.620000e+04	8.360652e-01	2.367476e-03
1.640000e+04	8.346557e-01	2.357323e-03
1.660000e+04	8.332531e-01	2.347728e-03
1.680000e+04	8.318570e-01	2.336310e-03
1.700000e+04	8.304695e-01	2.319290e-03
1.720000e+04	8.290925e-01	2.302079e-03
1.740000e+04	8.277223e-01	2.286502e-03
1.760000e+04	8.263655e-01	2.270530e-03
1.780000e+04	8.250159e-01	2.257669e-03
1.800000e+04	8.236682e-01	2.241531e-03
1.820000e+04	8.223276e-01	2.222927e-03
1.840000e+04	8.209948e-01	2.202745e-03
1.860000e+04	8.196691e-01	2.180115e-03
1.880000e+04	8.183423e-01	2.156866e-03
1.900000e+04	8.170231e-01	2.134731e-03
1.920000e+04	8.157117e-01	2.116472e-03
1.940000e+04	8.144066e-01	2.098854e-03
1.960000e+04	8.131056e-01	2.083974e-03
1.980000e+04	8.118130e-01	2.076477e-03
2.000000e+04	8.105263e-01	2.073945e-03
