2.000000e+02	3.536699e-01
4.000000e+02	1.475702e-01
6.000000e+02	9.418854e-02
8.000000e+02	8.537174e-02
1.000000e+03	7.092584e-02
1.200000e+03	5.559502e-02
1.400000e+03	4.886449e-02
1.600000e+03	4.116706e-02
1.800000e+03	3.711468e-02
2.000000e+03	3.433530e-02
2.200000e+03	3.028997e-02
2.400000e+03	2.709633e-02
2.600000e+03	2.649764e-02
2.800000e+03	2.727591e-02
3.000000e+03	2.366323e-02
3.200000e+03	2.399713e-02
3.400000e+03	2.218156e-02
3.600000e+03	2.205542e-02
3.800000e+03	1.893646e-02
4.000000e+03	1.832403e-02
4.200000e+03	1.796802e-02
4.400000e+03	1.704470e-02
4.600000e+03	1.638453e-02
4.800000e+03	1.436023e-02
5.000000e+03	1.541150e-02
5.200000e+03	1.438241e-02
5.400000e+03	1.929989e-02
5.600000e+03	1.743630e-02
5.800000e+03	1.714975e-02
6.000000e+03	1.613113e-02
6.200000e+03	1.536188e-02
6.400000e+03	1.512844e-02
6.600000e+03	1.538073e-02
6.800000e+03	1.457105e-02
7.000000e+03	1.488880e-02
7.200000e+03	1.400026e-02
7.400000e+03	1.434093e-02
7.600000e+03	1.431957e-02
7.800000e+03	1.278055e-02
8.000000e+03	1.307271e-02
8.200000e+03	1.263376e-02
8.400000e+03	1.516452e-02
8.600000e+03	1.601048e-02
8.800000e+03	1.496692e-02
9.000000e+03	1.426399e-02
9.200000e+03	1.417668e-02
9.400000e+03	1.323659e-02
9.600000e+03	1.398465e-02
9.800000e+03	1.316283e-02
1.000000e+04	1.204795e-02
1.020000e+04	1.152990e-02
1.040000e+04	1.186909e-02
1.060000e+04	1.155843e-02
1.080000e+04	1.100538e-02
1.100000e+04	1.119783e-02
1.120000e+04	1.105910e-02
1.140000e+04	1.066143e-02
1.160000e+04	1.075186e-02
1.180000e+04	1.067726e-02
1.200000e+04	1.051474e-02
1.220000e+04	1.031635e-02
1.240000e+04	1.044134e-02
1.260000e+04	1.069900e-02
1.280000e+04	9.980926e-03
1.300000e+04	1.026120e-02
1.320000e+04	9.933867e-03
1.340000e+04	9.644427e-03
1.360000e+04	1.032282e-02
1.380000e+04	9.772379e-03
1.400000e+04	9.886805e-03
1.420000e+04	9.864444e-03
1.440000e+04	9.389657e-03
1.460000e+04	9.254399e-03
1.480000e+04	8.952270e-03
1.500000e+04	8.791815e-03
1.520000e+04	9.338058e-03
1.540000e+04	9.145939e-03
1.560000e+04	8.894266e-03
1.580000e+04	8.859121e-03
1.600000e+04	8.016499e-03
1.620000e+04	7.848186e-03
1.640000e+04	7.665553e-03
1.660000e+04	8.154363e-03
1.680000e+04	8.308282e-03
1.700000e+04	8.282241e-03
1.720000e+04	8.138673e-03
1.740000e+04	7.551864e-03
1.760000e+04	7.287236e-03
1.780000e+04	7.263584e-03
1.800000e+04	7.937695e-03
1.820000e+04	7.167315e-03
1.840000e+04	6.858758e-03
1.860000e+04	6.823219e-03
1.880000e+04	7.257883e-03
1.900000e+04	6.895532e-03
1.920000e+04	6.653539e-03
1.940000e+04	6.601458e-03
1.960000e+04	6.515374e-03
1.980000e+04	6.513924e-03
2.000000e+04	6.789451e-03
