2.000000e+02	7.074446e-01	3.683578e-03
4.000000e+02	6.450089e-01	3.435116e-01
6.000000e+02	5.991624e-01	2.623154e-01
8.000000e+02	5.147205e-01	1.812980e-01
1.000000e+03	4.713157e-01	1.459206e-01
1.200000e+03	4.272340e-01	1.096380e-01
1.400000e+03	3.729920e-01	8.088728e-02
1.600000e+03	3.539116e-01	6.446649e-02
1.800000e+03	3.383478e-01	3.765120e-02
2.000000e+03	3.260245e-01	2.215566e-02
2.200000e+03	3.066165e-01	1.834803e-02
2.400000e+03	2.878948e-01	2.441072e-02
2.600000e+03	2.693812e-01	2.515169e-02
2.800000e+03	2.578627e-01	2.486352e-02
3.000000e+03	2.508458e-01	2.066284e-02
3.200000e+03	2.455029e-01	1.978049e-02
3.400000e+03	2.433239e-01	1.723642e-02
3.600000e+03	2.378268e-01	2.049919e-02
3.800000e+03	2.157475e-01	1.012757e-02
4.000000e+03	2.035430e-01	6.371953e-03
4.200000e+03	1.960383e-01	1.391937e-02
4.400000e+03	1.899378e-01	9.892726e-03
4.600000e+03	1.859181e-01	6.779771e-03
4.800000e+03	1.794695e-01	8.465290e-03
5.000000e+03	1.732332e-01	8.898320e-03
5.200000e+03	1.663417e-01	8.963072e-03
5.400000e+03	1.624740e-01	6.454795e-03
5.600000e+03	1.556230e-01	7.485361e-03
5.800000e+03	1.483439e-01	8.562125e-03
6.000000e+03	1.429499e-01	7.456809e-03
6.200000e+03	1.383988e-01	8.349347e-03
6.400000e+03	1.329753e-01	8.141208e-03
6.600000e+03	1.280391e-01	8.104208e-03
6.800000e+03	1.237832e-01	9.982430e-03
7.000000e+03	1.187545e-01	1.232166e-02
7.200000e+03	1.150216e-01	1.248040e-02
7.400000e+03	1.120627e-01	1.293573e-02
7.600000e+03	1.093325e-01	1.158770e-02
7.800000e+03	1.070384e-01	1.077047e-02
8.000000e+03	1.044865e-01	1.073824e-02
8.200000e+03	1.014849e-01	1.017926e-02
8.400000e+03	9.905079e-02	9.872925e-03
8.600000e+03	9.710924e-02	8.941369e-03
8.800000e+03	9.555817e-02	8.592159e-03
9.000000e+03	9.347248e-02	7.973371e-03
9.200000e+03	9.178053e-02	8.229246e-03
9.400000e+03	9.025104e-02	6.921300e-03
9.600000e+03	8.821486e-02	5.338729e-03
9.800000e+03	8.635896e-02	5.022654e-03
1.000000e+04	8.422306e-02	6.016100e-03
1.020000e+04	8.320603e-02	5.621616e-03
1.040000e+04	8.120294e-02	5.548011e-03
1.060000e+04	7.995078e-02	4.945469e-03
1.080000e+04	7.863449e-02	4.465273e-03
1.100000e+04	7.746900e-02	3.209600e-03
1.120000e+04	7.605824e-02	2.521844e-03
1.140000e+04	7.487688e-02	1.646065e-03
1.160000e+04	7.396558e-02	1.536244e-03
1.180000e+04	7.253161e-02	1.671380e-03
1.200000e+04	7.115908e-02	1.996964e-03
1.220000e+04	7.003750e-02	2.589788e-03
1.240000e+04	6.940441e-02	2.192618e-03
1.260000e+04	6.808781e-02	2.737056e-03
1.280000e+04	6.720122e-02	2.976096e-03
1.300000e+04	6.671674e-02	3.288833e-03
1.320000e+04	6.609155e-02	3.716381e-03
1.340000e+04	6.555715e-02	4.113722e-03
1.360000e+04	6.507651e-02	3.872310e-03
1.380000e+04	6.421689e-02	4.133752e-03
1.400000e+04	6.332364e-02	4.621627e-03
1.420000e+04	6.255421e-02	5.238030e-03
1.440000e+04	6.168825e-02	5.714749e-03
1.460000e+04	6.088682e-02	6.477009e-03
1.480000e+04	6.049755e-02	6.555697e-03
1.500000e+04	5.942648e-02	6.590308e-03
1.520000e+04	5.835664e-02	6.365329e-03
1.540000e+04	5.751549e-02	6.322683e-03
1.560000e+04	5.683103e-02	5.974463e-03
1.580000e+04	5.626843e-02	5.440623e-03
1.600000e+04	5.581912e-02	5.073736e-03
1.620000e+04	5.521518e-02	4.715523e-03
1.640000e+04	5.448392e-02	4.704803e-03
1.660000e+04	5.369141e-02	4.722190e-03
1.680000e+04	5.305260e-02	4.572002e-03
1.700000e+04	5.258943e-02	4.519249e-03
1.720000e+04	5.242678e-02	4.356581e-03
1.740000e+04	5.191479e-02	4.138836e-03
1.760000e+04	5.151013e-02	4.207047e-03
1.780000e+04	5.115305e-02	4.082471e-03
1.800000e+04	5.078271e-02	4.154599e-03
1.820000e+04	5.027079e-02	4.131908e-03
1.840000e+04	5.003940e-02	4.035978e-03
1.860000e+04	4.957681e-02	3.647598e-03
1.880000e+04	4.901552e-02	3.719083e-03
1.900000e+04	4.838164e-02	3.610393e-03
1.920000e+04	4.777145e-02	3.361287e-03
1.940000e+04	4.750077e-02	3.570727e-03
1.960000e+04	4.712795e-02	3.678751e-03
1.980000e+04	4.668973e-02	3.465220e-03
2.000000e+04	4.625881e-02	3.246186e-03
