2.000000e+02	5.584303e-02	6.780767e-03
4.000000e+02	3.511878e-02	1.115306e-02
6.000000e+02	3.285940e-02	1.295499e-02
8.000000e+02	2.987675e-02	9.260243e-03
1.000000e+03	2.565260e-02	8.726589e-03
1.200000e+03	2.522073e-02	1.253105e-02
1.400000e+03	2.441050e-02	1.385920e-02
1.600000e+03	2.250776e-02	8.378481e-03
1.800000e+03	1.994134e-02	3.553184e-03
2.000000e+03	2.110586e-02	4.513288e-03
2.200000e+03	2.121703e-02	4.891865e-03
2.400000e+03	2.156975e-02	5.484732e-03
2.600000e+03	1.941498e-02	8.062849e-03
2.800000e+03	1.980809e-02	9.244560e-03
3.000000e+03	1.789412e-02	6.604083e-03
3.200000e+03	1.764432e-02	6.199634e-03
3.400000e+03	1.686497e-02	8.023173e-03
3.600000e+03	1.482562e-02	8.291844e-03
3.800000e+03	1.530001e-02	6.821773e-03
4.000000e+03	1.604140e-02	6.821991e-03
4.200000e+03	1.656458e-02	7.140196e-03
4.400000e+03	1.497238e-02	6.635210e-03
4.600000e+03	1.523867e-02	8.872869e-03
4.800000e+03	1.597834e-02	9.116672e-03
5.000000e+03	1.530403e-02	9.269804e-03
5.200000e+03	1.505866e-02	8.841251e-03
5.400000e+03	1.583755e-02	7.508055e-03
5.600000e+03	1.513630e-02	8.279669e-03
5.800000e+03	1.459755e-02	6.494591e-03
6.000000e+03	1.433989e-02	5.987492e-03
6.200000e+03	1.417136e-02	4.225848e-03
6.400000e+03	1.416730e-02	4.047889e-03
6.600000e+03	1.377231e-02	4.075961e-03
6.800000e+03	1.360011e-02	4.560623e-03
7.000000e+03	1.174832e-02	4.081089e-03
7.200000e+03	1.122223e-02	3.054218e-03
7.400000e+03	1.054734e-02	4.166264e-03
7.600000e+03	1.021811e-02	3.386239e-03
7.800000e+03	1.031813e-02	1.685089e-03
8.000000e+03	1.052782e-02	1.773662e-03
8.200000e+03	1.121019e-02	2.646306e-03
8.400000e+03	1.082499e-02	2.800728e-03
8.600000e+03	1.004839e-02	2.613678e-03
8.800000e+03	9.783027e-03	2.475078e-03
9.000000e+03	9.163428e-03	2.593781e-03
9.200000e+03	9.042262e-03	3.044298e-03
9.400000e+03	9.408757e-03	2.653517e-03
9.600000e+03	9.417569e-03	2.458491e-03
9.800000e+03	8.974932e-03	2.394321e-03
1.000000e+04	9.326535e-03	1.752163e-03
1.020000e+04	9.952989e-03	2.280255e-03
1.040000e+04	9.697805e-03	1.960264e-03
1.060000e+04	9.193722e-03	1.327971e-03
1.080000e+04	8.854996e-03	6.184832e-04
1.100000e+04	8.470001e-03	3.755015e-04
1.120000e+04	8.376029e-03	7.386739e-04
1.140000e+04	8.151501e-03	5.077871e-04
1.160000e+04	7.822194e-03	8.510176e-05
1.180000e+04	7.639774e-03	3.313712e-05
1.200000e+04	7.688323e-03	4.717626e-04
1.220000e+04	7.616438e-03	5.549465e-04
1.240000e+04	7.232160e-03	4.214690e-04
1.260000e+04	7.088561e-03	1.559779e-04
1.280000e+04	7.095497e-03	1.169786e-04
1.300000e+04	7.279883e-03	3.038054e-04
1.320000e+04	7.157629e-03	2.046691e-06
1.340000e+04	7.250943e-03	1.381224e-04
1.360000e+04	7.051217e-03	3.415949e-04
1.380000e+04	7.064564e-03	2.254104e-05
1.400000e+04	7.096280e-03	4.415785e-04
1.420000e+04	6.819091e-03	4.154622e-04
1.440000e+04	7.001628e-03	8.228983e-05
1.460000e+04	7.031573e-03	3.847731e-04
1.480000e+04	6.898709e-03	5.899114e-04
1.500000e+04	7.449410e-03	6.531494e-04
1.520000e+04	7.479032e-03	6.852317e-04
1.540000e+04	7.390745e-03	1.439815e-03
1.560000e+04	7.490434e-03	1.456481e-03
1.580000e+04	7.557739e-03	1.374539e-03
1.600000e+04	7.407249e-03	9.733959e-04
1.620000e+04	7.019906e-03	1.441446e-03
1.640000e+04	6.808384e-03	1.673288e-03
1.660000e+04	6.883783e-03	1.704095e-03
1.680000e+04	6.834116e-03	1.693928e-03
1.700000e+04	6.888012e-03	1.593125e-03
1.720000e+04	7.064499e-03	1.986370e-03
1.740000e+04	7.059625e-03	1.971754e-03
1.760000e+04	7.079657e-03	2.107926e-03
1.780000e+04	7.158092e-03	2.092323e-03
1.800000e+04	7.158059e-03	1.766499e-03
1.820000e+04	7.217002e-03	1.627706e-03
1.840000e+04	6.989540e-03	1.437699e-03
1.860000e+04	6.880518e-03	1.072875e-03
1.880000e+04	6.687985e-03	9.837659e-04
1.900000e+04	6.672613e-03	1.271288e-03
1.920000e+04	6.612354e-03	1.195736e-03
1.940000e+04	6.596307e-03	1.093941e-03
1.960000e+04	6.682473e-03	9.551054e-04
1.980000e+04	6.812399e-03	1.071563e-03
2.000000e+04	7.001114e-03	1.408494e-03
