2.000000e+02	3.853172e-01	9.861883e-02
4.000000e+02	2.902874e-01	3.343700e-02
6.000000e+02	2.248692e-01	4.217243e-02
8.000000e+02	2.174923e-01	2.617724e-02
1.000000e+03	2.028076e-01	3.634768e-02
1.200000e+03	1.867607e-01	2.951956e-02
1.400000e+03	1.761560e-01	1.837700e-02
1.600000e+03	1.677967e-01	1.572170e-02
1.800000e+03	1.627513e-01	1.533219e-02
2.000000e+03	1.556360e-01	1.305711e-02
2.200000e+03	1.508855e-01	1.547990e-02
2.400000e+03	1.440112e-01	1.346424e-02
2.600000e+03	1.424709e-01	1.376304e-02
2.800000e+03	1.397698e-01	1.062751e-02
3.000000e+03	1.372756e-01	1.437242e-02
3.200000e+03	1.361849e-01	1.317978e-02
3.400000e+03	1.349568e-01	1.274838e-02
3.600000e+03	1.353826e-01	1.024443e-02
3.800000e+03	1.347017e-01	1.018524e-02
4.000000e+03	1.317141e-01	1.089802e-02
4.200000e+03	1.307744e-01	1.102092e-02
4.400000e+03	1.301173e-01	1.117178e-02
4.600000e+03	1.288967e-01	9.041572e-03
4.800000e+03	1.284221e-01	8.533821e-03
5.000000e+03	1.273105e-01	6.393519e-03
5.200000e+03	1.278309e-01	6.318377e-03
5.400000e+03	1.270150e-01	6.272937e-03
5.600000e+03	1.263979e-01	5.511379e-03
5.800000e+03	1.250441e-01	4.634182e-03
6.000000e+03	1.260527e-01	4.496049e-03
6.200000e+03	1.273454e-01	2.032137e-03
6.400000e+03	1.290954e-01	3.682180e-03
6.600000e+03	1.294736e-01	1.678894e-03
6.800000e+03	1.303417e-01	8.796709e-04
7.000000e+03	1.300755e-01	1.201350e-03
7.200000e+03	1.275641e-01	8.463589e-04
7.400000e+03	1.252138e-01	1.886551e-03
7.600000e+03	1.252282e-01	4.502049e-04
7.800000e+03	1.255182e-01	3.922616e-04
8.000000e+03	1.249165e-01	1.517624e-03
8.200000e+03	1.245597e-01	9.099337e-04
8.400000e+03	1.236547e-01	2.020563e-03
8.600000e+03	1.235911e-01	4.582738e-03
8.800000e+03	1.222879e-01	5.071020e-03
9.000000e+03	1.211913e-01	4.439692e-03
9.200000e+03	1.211861e-01	4.433146e-03
9.400000e+03	1.214613e-01	4.929325e-03
9.600000e+03	1.226398e-01	5.739284e-03
9.800000e+03	1.223869e-01	4.998400e-03
1.000000e+04	1.225351e-01	5.381262e-03
1.020000e+04	1.218244e-01	5.738536e-03
1.040000e+04	1.220004e-01	6.314451e-03
1.060000e+04	1.223903e-01	5.765419e-03
1.080000e+04	1.220739e-01	5.915052e-03
1.100000e+04	1.227205e-01	5.728878e-03
1.120000e+04	1.229158e-01	5.846669e-03
1.140000e+04	1.212053e-01	5.571177e-03
1.160000e+04	1.199769e-01	4.245103e-03
1.180000e+04	1.197257e-01	2.529826e-03
1.200000e+04	1.203074e-01	3.325662e-03
1.220000e+04	1.200772e-01	3.711780e-03
1.240000e+04	1.196928e-01	3.745005e-03
1.260000e+04	1.196236e-01	3.814312e-03
1.280000e+04	1.195931e-01	4.029467e-03
1.300000e+04	1.191867e-01	3.898384e-03
1.320000e+04	1.188492e-01	3.645545e-03
1.340000e+04	1.196652e-01	4.534710e-03
1.360000e+04	1.193152e-01	3.875871e-03
1.380000e+04	1.191535e-01	3.792830e-03
1.400000e+04	1.185348e-01	3.197662e-03
1.420000e+04	1.183780e-01	3.828665e-03
1.440000e+04	1.188054e-01	3.728900e-03
1.460000e+04	1.190276e-01	3.963154e-03
1.480000e+04	1.188925e-01	3.875133e-03
1.500000e+04	1.184002e-01	3.708510e-03
1.520000e+04	1.183455e-01	3.333590e-03
1.540000e+04	1.175926e-01	2.689416e-03
1.560000e+04	1.174062e-01	1.788843e-03
1.580000e+04	1.173476e-01	1.885148e-03
1.600000e+04	1.175092e-01	1.458578e-03
1.620000e+04	1.171186e-01	1.713167e-04
1.640000e+04	1.178013e-01	3.320135e-04
1.660000e+04	1.174753e-01	6.568992e-04
1.680000e+04	1.173677e-01	1.571853e-03
1.700000e+04	1.169302e-01	1.995557e-03
1.720000e+04	1.167484e-01	1.777062e-03
1.740000e+04	1.161615e-01	1.398361e-03
1.760000e+04	1.159964e-01	3.921900e-04
1.780000e+04	1.161842e-01	3.994526e-04
1.800000e+04	1.158471e-01	8.985402e-04
1.820000e+04	1.154233e-01	6.612935e-04
1.840000e+04	1.146815e-01	4.293313e-04
1.860000e+04	1.140960e-01	1.908794e-04
1.880000e+04	1.132702e-01	1.123341e-03
1.900000e+04	1.128725e-01	3.379554e-04
1.920000e+04	1.124610e-01	8.050483e-04
1.940000e+04	1.115642e-01	1.828193e-03
1.960000e+04	1.113792e-01	2.268123e-03
1.980000e+04	1.112785e-01	2.838814e-03
2.000000e+04	1.116191e-01	3.050167e-03
