2.000000e+02	8.018317e-01	9.794793e-03
4.000000e+02	6.182328e-01	3.107663e-02
6.000000e+02	4.496831e-01	2.700764e-02
8.000000e+02	3.533648e-01	2.731579e-02
1.000000e+03	2.976203e-01	2.429418e-02
1.200000e+03	2.581922e-01	2.023322e-02
1.400000e+03	2.310464e-01	1.751937e-02
1.600000e+03	2.075942e-01	1.500243e-02
1.800000e+03	1.901798e-01	1.481714e-02
2.000000e+03	1.770640e-01	1.423581e-02
2.200000e+03	1.667557e-01	1.265298e-02
2.400000e+03	1.604134e-01	1.087149e-02
2.600000e+03	1.553506e-01	1.047419e-02
2.800000e+03	1.506094e-01	9.903721e-03
3.000000e+03	1.459429e-01	9.559514e-03
3.200000e+03	1.415818e-01	8.824288e-03
3.400000e+03	1.380676e-01	8.099144e-03
3.600000e+03	1.354296e-01	7.557817e-03
3.800000e+03	1.328580e-01	6.539042e-03
4.000000e+03	1.310279e-01	5.846637e-03
4.200000e+03	1.295644e-01	5.561035e-03
4.400000e+03	1.284110e-01	5.439705e-03
4.600000e+03	1.271399e-01	5.084281e-03
4.800000e+03	1.257717e-01	4.825475e-03
5.000000e+03	1.245467e-01	4.693470e-03
5.200000e+03	1.233063e-01	4.746074e-03
5.400000e+03	1.224714e-01	4.734170e-03
5.600000e+03	1.217439e-01	4.958637e-03
5.800000e+03	1.211253e-01	5.181276e-03
6.000000e+03	1.202852e-01	5.315254e-03
6.200000e+03	1.195051e-01	5.249593e-03
6.400000e+03	1.188050e-01	4.945878e-03
6.600000e+03	1.180950e-01	4.680984e-03
6.800000e+03	1.172781e-01	4.470151e-03
7.000000e+03	1.165433e-01	4.447173e-03
7.200000e+03	1.160874e-01	4.424214e-03
7.400000e+03	1.156959e-01	4.228222e-03
7.600000e+03	1.152507e-01	3.916289e-03
7.800000e+03	1.147683e-01	3.609005e-03
8.000000e+03	1.142642e-01	3.386997e-03
8.200000e+03	1.138325e-01	3.159108e-03
8.400000e+03	1.134619e-01	2.983099e-03
8.600000e+03	1.130870e-01	2.904006e-03
8.800000e+03	1.127102e-01	2.780902e-03
9.000000e+03	1.123340e-01	2.616949e-03
9.200000e+03	1.119559e-01	2.449056e-03
9.400000e+03	1.116938e-01	2.307704e-03
9.600000e+03	1.113706e-01	2.198604e-03
9.800000e+03	1.110972e-01	2.201137e-03
1.000000e+04	1.108725e-01	2.134307e-03
1.020000e+04	1.105940e-01	2.092988e-03
1.040000e+04	1.103022e-01	2.076062e-03
1.060000e+04	1.100178e-01	2.081383e-03
1.080000e+04	1.097741e-01	2.102654e-03
1.100000e+04	1.095273e-01	2.101704e-03
1.120000e+04	1.092991e-01	1.909785e-03
1.140000e+04	1.091414e-01	1.849725e-03
1.160000e+04	1.090023e-01	1.888021e-03
1.180000e+04	1.088506e-01	1.821205e-03
1.200000e+04	1.087358e-01	1.747215e-03
1.220000e+04	1.085671e-01	1.718139e-03
1.240000e+04	1.084275e-01	1.641229e-03
1.260000e+04	1.082737e-01	1.531844e-03
1.280000e+04	1.081366e-01	1.463709e-03
1.300000e+04	1.080051e-01	1.436646e-03
1.320000e+04	1.079041e-01	1.436697e-03
1.340000e+04	1.077844e-01	1.376903e-03
1.360000e+04	1.076228e-01	1.405299e-03
1.380000e+04	1.075167e-01	1.385895e-03
1.400000e+04	1.074125e-01	1.347393e-03
1.420000e+04	1.073231e-01	1.267300e-03
1.440000e+04	1.072465e-01	1.159741e-03
1.460000e+04	1.071565e-01	1.084442e-03
1.480000e+04	1.070998e-01	1.053909e-03
1.500000e+04	1.070504e-01	1.064012e-03
1.520000e+04	1.069754e-01	1.062490e-03
1.540000e+04	1.068814e-01	1.056305e-03
1.560000e+04	1.068624e-01	1.096231e-03
1.580000e+04	1.067916e-01	1.108708e-03
1.600000e+04	1.067077e-01	1.080288e-03
1.620000e+04	1.066439e-01	1.064777e-03
1.640000e+04	1.066152e-01	1.070007e-03
1.660000e+04	1.065491e-01	1.066832e-03
1.680000e+04	1.064484e-01	1.068348e-03
1.700000e+04	1.063317e-01	9.902793e-04
1.720000e+04	1.062444e-01	9.476268e-04
1.740000e+04	1.061602e-01	8.957800e-04
1.760000e+04	1.060695e-01	8.320167e-04
1.780000e+04	1.060054e-01	8.406212e-04
1.800000e+04	1.059251e-01	8.823536e-04
1.820000e+04	1.058533e-01	8.933205e-04
1.840000e+04	1.057865e-01	8.658338e-04
1.860000e+04	1.057229e-01	8.182379e-04
1.880000e+04	1.056545e-01	8.085569e-04
1.900000e+04	1.055658e-01	7.620206e-04
1.920000e+04	1.054851e-01	7.228659e-04
1.940000e+04	1.054042e-01	6.958312e-04
1.960000e+04	1.053463e-01	6.821913e-04
1.980000e+04	1.052927e-01	6.841387e-04
2.000000e+04	1.052239e-01	6.874560e-04
