2.000000e+02	4.246310e-01	6.539012e-02
4.000000e+02	2.278365e-01	4.847453e-02
6.000000e+02	1.859264e-01	3.085623e-02
8.000000e+02	1.620647e-01	2.421940e-02
1.000000e+03	1.470440e-01	1.719714e-02
1.200000e+03	1.376526e-01	1.378894e-02
1.400000e+03	1.334210e-01	1.025133e-02
1.600000e+03	1.290687e-01	9.725372e-03
1.800000e+03	1.252419e-01	7.703103e-03
2.000000e+03	1.225103e-01	6.963058e-03
2.200000e+03	1.218913e-01	7.003373e-03
2.400000e+03	1.200123e-01	7.159318e-03
2.600000e+03	1.180236e-01	6.339213e-03
2.800000e+03	1.170874e-01	5.478359e-03
3.000000e+03	1.165761e-01	4.911295e-03
3.200000e+03	1.156431e-01	6.221361e-03
3.400000e+03	1.150718e-01	5.928609e-03
3.600000e+03	1.147652e-01	5.211689e-03
3.800000e+03	1.146356e-01	4.899838e-03
4.000000e+03	1.143842e-01	5.076271e-03
4.200000e+03	1.144974e-01	5.070566e-03
4.400000e+03	1.144279e-01	5.038904e-03
4.600000e+03	1.145229e-01	5.597954e-03
4.800000e+03	1.136685e-01	4.210918e-03
5.000000e+03	1.132177e-01	3.562277e-03
5.200000e+03	1.128314e-01	3.362916e-03
5.400000e+03	1.126620e-01	3.474168e-03
5.600000e+03	1.124081e-01	3.363074e-03
5.800000e+03	1.124558e-01	3.645162e-03
6.000000e+03	1.122860e-01	3.445102e-03
6.200000e+03	1.122302e-01	3.135503e-03
6.400000e+03	1.122615e-01	3.406197e-03
6.600000e+03	1.122814e-01	3.287564e-03
6.800000e+03	1.123288e-01	3.211576e-03
7.000000e+03	1.122472e-01	3.376978e-03
7.200000e+03	1.122013e-01	3.210686e-03
7.400000e+03	1.121346e-01	3.028296e-03
7.600000e+03	1.118429e-01	3.018994e-03
7.800000e+03	1.116351e-01	3.263471e-03
8.000000e+03	1.114890e-01	3.452835e-03
8.200000e+03	1.112506e-01	3.206193e-03
8.400000e+03	1.110655e-01	3.062568e-03
8.600000e+03	1.110849e-01	3.109407e-03
8.800000e+03	1.109497e-01	3.014813e-03
9.000000e+03	1.110178e-01	2.860319e-03
9.200000e+03	1.110102e-01	2.677693e-03
9.400000e+03	1.110790e-01	2.607060e-03
9.600000e+03	1.110566e-01	2.504511e-03
9.800000e+03	1.108757e-01	2.343841e-03
1.000000e+04	1.107514e-01	2.212492e-03
1.020000e+04	1.104526e-01	2.210897e-03
1.040000e+04	1.101791e-01	2.117913e-03
1.060000e+04	1.101971e-01	1.994980e-03
1.080000e+04	1.103314e-01	1.957107e-03
1.100000e+04	1.102315e-01	1.801201e-03
1.120000e+04	1.102400e-01	1.816583e-03
1.140000e+04	1.102558e-01	1.870667e-03
1.160000e+04	1.102118e-01	1.959468e-03
1.180000e+04	1.101456e-01	1.921895e-03
1.200000e+04	1.102191e-01	1.845556e-03
1.220000e+04	1.102739e-01	1.817277e-03
1.240000e+04	1.102527e-01	1.891670e-03
1.260000e+04	1.102395e-01	1.888708e-03
1.280000e+04	1.102519e-01	1.794568e-03
1.300000e+04	1.102532e-01	1.876755e-03
1.320000e+04	1.102273e-01	1.924290e-03
1.340000e+04	1.102103e-01	1.953969e-03
1.360000e+04	1.100138e-01	1.865810e-03
1.380000e+04	1.100991e-01	1.812308e-03
1.400000e+04	1.100571e-01	1.866073e-03
1.420000e+04	1.098969e-01	1.897709e-03
1.440000e+04	1.099054e-01	1.962165e-03
1.460000e+04	1.099842e-01	1.863751e-03
1.480000e+04	1.099778e-01	1.860421e-03
1.500000e+04	1.100219e-01	1.858850e-03
1.520000e+04	1.099945e-01	1.769227e-03
1.540000e+04	1.099169e-01	1.698791e-03
1.560000e+04	1.099323e-01	1.742207e-03
1.580000e+04	1.098743e-01	1.852404e-03
1.600000e+04	1.099792e-01	1.865026e-03
1.620000e+04	1.100361e-01	1.905201e-03
1.640000e+04	1.100220e-01	1.949865e-03
1.660000e+04	1.099242e-01	1.952777e-03
1.680000e+04	1.097306e-01	1.934238e-03
1.700000e+04	1.097655e-01	1.887054e-03
1.720000e+04	1.097738e-01	1.960329e-03
1.740000e+04	1.096761e-01	1.920976e-03
1.760000e+04	1.095432e-01	1.888514e-03
1.780000e+04	1.095132e-01	1.956095e-03
1.800000e+04	1.094140e-01	1.970521e-03
1.820000e+04	1.093113e-01	1.940839e-03
1.840000e+04	1.091721e-01	1.930851e-03
1.860000e+04	1.091878e-01	1.890107e-03
1.880000e+04	1.090634e-01	1.917704e-03
1.900000e+04	1.089910e-01	1.945834e-03
1.920000e+04	1.089674e-01	1.915505e-03
1.940000e+04	1.089932e-01	2.032245e-03
1.960000e+04	1.089631e-01	2.066607e-03
1.980000e+04	1.089979e-01	2.104823e-03
2.000000e+04	1.090612e-01	2.106828e-03
