2.000000e+02	8.710557e-01	8.637981e-03
4.000000e+02	7.600294e-01	1.563483e-02
6.000000e+02	6.388463e-01	2.478751e-02
8.000000e+02	5.206397e-01	2.898589e-02
1.000000e+03	4.327932e-01	3.001583e-02
1.200000e+03	3.697318e-01	2.823270e-02
1.400000e+03	3.239549e-01	2.810243e-02
1.600000e+03	2.892496e-01	2.819803e-02
1.800000e+03	2.626458e-01	2.530386e-02
2.000000e+03	2.425287e-01	2.248021e-02
2.200000e+03	2.259675e-01	2.090697e-02
2.400000e+03	2.146578e-01	1.963858e-02
2.600000e+03	2.055816e-01	2.007291e-02
2.800000e+03	1.962636e-01	2.060473e-02
3.000000e+03	1.882399e-01	2.073898e-02
3.200000e+03	1.813339e-01	1.999691e-02
3.400000e+03	1.752158e-01	1.876378e-02
3.600000e+03	1.695834e-01	1.723922e-02
3.800000e+03	1.643750e-01	1.567170e-02
4.000000e+03	1.602040e-01	1.428715e-02
4.200000e+03	1.562103e-01	1.288236e-02
4.400000e+03	1.528777e-01	1.196308e-02
4.600000e+03	1.497282e-01	1.153044e-02
4.800000e+03	1.468603e-01	1.130576e-02
5.000000e+03	1.442726e-01	1.094904e-02
5.200000e+03	1.418594e-01	1.043685e-02
5.400000e+03	1.397124e-01	1.007197e-02
5.600000e+03	1.377907e-01	9.804160e-03
5.800000e+03	1.358427e-01	9.436715e-03
6.000000e+03	1.341051e-01	8.971206e-03
6.200000e+03	1.325886e-01	8.527557e-03
6.400000e+03	1.313124e-01	8.190976e-03
6.600000e+03	1.300215e-01	7.800475e-03
6.800000e+03	1.289146e-01	7.503739e-03
7.000000e+03	1.279170e-01	7.215652e-03
7.200000e+03	1.268654e-01	6.982467e-03
7.400000e+03	1.259509e-01	6.859379e-03
7.600000e+03	1.250023e-01	6.641262e-03
7.800000e+03	1.240798e-01	6.448051e-03
8.000000e+03	1.232412e-01	6.366923e-03
8.200000e+03	1.225611e-01	6.196697e-03
8.400000e+03	1.219124e-01	5.908179e-03
8.600000e+03	1.212661e-01	5.746893e-03
8.800000e+03	1.206052e-01	5.510128e-03
9.000000e+03	1.199682e-01	5.282022e-03
9.200000e+03	1.194636e-01	5.181061e-03
9.400000e+03	1.189622e-01	5.089341e-03
9.600000e+03	1.184532e-01	5.022646e-03
9.800000e+03	1.179586e-01	4.915106e-03
1.000000e+04	1.174954e-01	4.729506e-03
1.020000e+04	1.170793e-01	4.513686e-03
1.040000e+04	1.166427e-01	4.310944e-03
1.060000e+04	1.162116e-01	4.157675e-03
1.080000e+04	1.157595e-01	3.980460e-03
1.100000e+04	1.153158e-01	3.811848e-03
1.120000e+04	1.149000e-01	3.666897e-03
1.140000e+04	1.145444e-01	3.528756e-03
1.160000e+04	1.143291e-01	3.408471e-03
1.180000e+04	1.141243e-01	3.354208e-03
1.200000e+04	1.139382e-01	3.359138e-03
1.220000e+04	1.136827e-01	3.292516e-03
1.240000e+04	1.134194e-01	3.208821e-03
1.260000e+04	1.131551e-01	3.125228e-03
1.280000e+04	1.129304e-01	3.001828e-03
1.300000e+04	1.127389e-01	2.882099e-03
1.320000e+04	1.125943e-01	2.760132e-03
1.340000e+04	1.124532e-01	2.659856e-03
1.360000e+04	1.123499e-01	2.604565e-03
1.380000e+04	1.122552e-01	2.544198e-03
1.400000e+04	1.121660e-01	2.471820e-03
1.420000e+04	1.120533e-01	2.432542e-03
1.440000e+04	1.118622e-01	2.379609e-03
1.460000e+04	1.116886e-01	2.306330e-03
1.480000e+04	1.115264e-01	2.251161e-03
1.500000e+04	1.113568e-01	2.182177e-03
1.520000e+04	1.112168e-01	2.123044e-03
1.540000e+04	1.110828e-01	2.075655e-03
1.560000e+04	1.109605e-01	2.035662e-03
1.580000e+04	1.108657e-01	2.004223e-03
1.600000e+04	1.107421e-01	1.975121e-03
1.620000e+04	1.106383e-01	1.958472e-03
1.640000e+04	1.105554e-01	1.925218e-03
1.660000e+04	1.104775e-01	1.897830e-03
1.680000e+04	1.104272e-01	1.923904e-03
1.700000e+04	1.103920e-01	1.930621e-03
1.720000e+04	1.103413e-01	1.909278e-03
1.740000e+04	1.102608e-01	1.877555e-03
1.760000e+04	1.101954e-01	1.859351e-03
1.780000e+04	1.101565e-01	1.846846e-03
1.800000e+04	1.101044e-01	1.833356e-03
1.820000e+04	1.100406e-01	1.830857e-03
1.840000e+04	1.099875e-01	1.855298e-03
1.860000e+04	1.099515e-01	1.895897e-03
1.880000e+04	1.099431e-01	1.949703e-03
1.900000e+04	1.099005e-01	1.993164e-03
1.920000e+04	1.098392e-01	1.967064e-03
1.940000e+04	1.097989e-01	1.971279e-03
1.960000e+04	1.097536e-01	1.979617e-03
1.980000e+04	1.096809e-01	1.949257e-03
2.000000e+04	1.096218e-01	1.907813e-03
