2.000000e+02	7.530990e-01	3.456478e-02
4.000000e+02	5.291275e-01	3.826589e-02
6.000000e+02	3.868245e-01	3.218146e-02
8.000000e+02	3.049222e-01	3.263178e-02
1.000000e+03	2.591747e-01	2.877614e-02
1.200000e+03	2.271928e-01	2.771508e-02
1.400000e+03	2.034821e-01	2.726591e-02
1.600000e+03	1.862918e-01	2.553545e-02
1.800000e+03	1.742163e-01	2.123781e-02
2.000000e+03	1.628353e-01	1.705054e-02
2.200000e+03	1.558885e-01	1.315221e-02
2.400000e+03	1.496448e-01	1.159775e-02
2.600000e+03	1.442455e-01	1.065126e-02
2.800000e+03	1.408999e-01	9.810049e-03
3.000000e+03	1.373417e-01	7.753327e-03
3.200000e+03	1.335254e-01	6.649081e-03
3.400000e+03	1.302288e-01	5.743205e-03
3.600000e+03	1.273583e-01	5.361989e-03
3.800000e+03	1.252550e-01	5.285880e-03
4.000000e+03	1.233571e-01	5.214965e-03
4.200000e+03	1.216308e-01	5.850105e-03
4.400000e+03	1.207232e-01	5.634244e-03
4.600000e+03	1.199053e-01	5.393875e-03
4.800000e+03	1.189731e-01	5.210369e-03
5.000000e+03	1.178834e-01	4.718649e-03
5.200000e+03	1.169042e-01	4.699361e-03
5.400000e+03	1.161859e-01	4.696545e-03
5.600000e+03	1.156671e-01	4.508158e-03
5.800000e+03	1.149027e-01	4.344320e-03
6.000000e+03	1.144131e-01	4.137294e-03
6.200000e+03	1.139314e-01	4.139644e-03
6.400000e+03	1.134034e-01	4.157222e-03
6.600000e+03	1.131116e-01	4.050320e-03
6.800000e+03	1.128716e-01	3.935888e-03
7.000000e+03	1.128126e-01	3.855228e-03
7.200000e+03	1.127393e-01	3.648210e-03
7.400000e+03	1.125115e-01	3.369758e-03
7.600000e+03	1.124715e-01	3.574229e-03
7.800000e+03	1.124914e-01	3.580570e-03
8.000000e+03	1.123872e-01	3.452521e-03
8.200000e+03	1.123022e-01	3.516270e-03
8.400000e+03	1.121246e-01	3.504043e-03
8.600000e+03	1.119152e-01	3.355391e-03
8.800000e+03	1.118034e-01	3.232720e-03
9.000000e+03	1.117256e-01	3.159361e-03
9.200000e+03	1.114912e-01	3.175474e-03
9.400000e+03	1.112067e-01	3.177887e-03
9.600000e+03	1.108824e-01	2.847710e-03
9.800000e+03	1.107776e-01	2.799358e-03
1.000000e+04	1.105514e-01	2.769145e-03
1.020000e+04	1.104048e-01	2.741621e-03
1.040000e+04	1.102034e-01	2.719478e-03
1.060000e+04	1.100115e-01	2.595223e-03
1.080000e+04	1.097693e-01	2.550867e-03
1.100000e+04	1.097434e-01	2.512305e-03
1.120000e+04	1.096631e-01	2.541182e-03
1.140000e+04	1.094787e-01	2.516701e-03
1.160000e+04	1.094570e-01	2.419714e-03
1.180000e+04	1.094344e-01	2.352521e-03
1.200000e+04	1.094587e-01	2.246834e-03
1.220000e+04	1.095116e-01	2.236891e-03
1.240000e+04	1.095047e-01	2.152312e-03
1.260000e+04	1.094314e-01	2.138674e-03
1.280000e+04	1.094878e-01	2.192005e-03
1.300000e+04	1.094592e-01	2.252468e-03
1.320000e+04	1.094774e-01	2.195591e-03
1.340000e+04	1.094880e-01	2.150464e-03
1.360000e+04	1.093985e-01	2.129753e-03
1.380000e+04	1.093541e-01	2.059858e-03
1.400000e+04	1.093140e-01	2.087024e-03
1.420000e+04	1.093161e-01	2.042259e-03
1.440000e+04	1.092881e-01	2.002490e-03
1.460000e+04	1.092834e-01	1.969992e-03
1.480000e+04	1.092169e-01	2.061185e-03
1.500000e+04	1.092012e-01	2.021518e-03
1.520000e+04	1.092584e-01	1.991400e-03
1.540000e+04	1.092133e-01	1.986199e-03
1.560000e+04	1.091421e-01	1.913635e-03
1.580000e+04	1.091284e-01	1.781756e-03
1.600000e+04	1.090614e-01	1.735925e-03
1.620000e+04	1.089613e-01	1.796970e-03
1.640000e+04	1.089277e-01	1.805930e-03
1.660000e+04	1.089272e-01	1.932314e-03
1.680000e+04	1.088294e-01	1.967206e-03
1.700000e+04	1.088237e-01	1.982820e-03
1.720000e+04	1.088556e-01	1.982850e-03
1.740000e+04	1.088309e-01	1.974133e-03
1.760000e+04	1.087975e-01	1.928252e-03
1.780000e+04	1.087641e-01	1.933977e-03
1.800000e+04	1.087952e-01	2.000140e-03
1.820000e+04	1.087856e-01	1.998083e-03
1.840000e+04	1.087778e-01	1.967187e-03
1.860000e+04	1.087536e-01	1.978757e-03
1.880000e+04	1.086806e-01	1.970631e-03
1.900000e+04	1.086381e-01	1.955371e-03
1.920000e+04	1.086452e-01	1.890545e-03
1.940000e+04	1.085892e-01	1.833249e-03
1.960000e+04	1.085577e-01	1.811907e-03
1.980000e+04	1.085530e-01	1.821075e-03
2.000000e+04	1.085711e-01	1.811128e-03
