2.000000e+02	8.216908e-01	2.109095e-02
4.000000e+02	6.871116e-01	6.652317e-02
6.000000e+02	5.432244e-01	8.135376e-02
8.000000e+02	4.374014e-01	6.488643e-02
1.000000e+03	3.673008e-01	5.687796e-02
1.200000e+03	3.195884e-01	4.946407e-02
1.400000e+03	2.860511e-01	4.666044e-02
1.600000e+03	2.594628e-01	4.158139e-02
1.800000e+03	2.396075e-01	3.598399e-02
2.000000e+03	2.222726e-01	3.022636e-02
2.200000e+03	2.092199e-01	2.602082e-02
2.400000e+03	2.003231e-01	2.315874e-02
2.600000e+03	1.911105e-01	1.992626e-02
2.800000e+03	1.831452e-01	1.760180e-02
3.000000e+03	1.760229e-01	1.672788e-02
3.200000e+03	1.697607e-01	1.516747e-02
3.400000e+03	1.650284e-01	1.398115e-02
3.600000e+03	1.604929e-01	1.267281e-02
3.800000e+03	1.562131e-01	1.104587e-02
4.000000e+03	1.532374e-01	9.813034e-03
4.200000e+03	1.502535e-01	9.334156e-03
4.400000e+03	1.471467e-01	9.281622e-03
4.600000e+03	1.446234e-01	7.824375e-03
4.800000e+03	1.421545e-01	7.087053e-03
5.000000e+03	1.403667e-01	7.336909e-03
5.200000e+03	1.385771e-01	7.200051e-03
5.400000e+03	1.367398e-01	6.768265e-03
5.600000e+03	1.352232e-01	6.772522e-03
5.800000e+03	1.340472e-01	6.976869e-03
6.000000e+03	1.326754e-01	6.723595e-03
6.200000e+03	1.314121e-01	6.544273e-03
6.400000e+03	1.302766e-01	6.323728e-03
6.600000e+03	1.291938e-01	5.907263e-03
6.800000e+03	1.285113e-01	5.738023e-03
7.000000e+03	1.277509e-01	5.702490e-03
7.200000e+03	1.267778e-01	5.554441e-03
7.400000e+03	1.259871e-01	5.389051e-03
7.600000e+03	1.251324e-01	5.505963e-03
7.800000e+03	1.242707e-01	5.670081e-03
8.000000e+03	1.235304e-01	5.750035e-03
8.200000e+03	1.229120e-01	5.702539e-03
8.400000e+03	1.222356e-01	5.581095e-03
8.600000e+03	1.216157e-01	5.376701e-03
8.800000e+03	1.209897e-01	5.191732e-03
9.000000e+03	1.204113e-01	5.021849e-03
9.200000e+03	1.200026e-01	4.895362e-03
9.400000e+03	1.195954e-01	4.903245e-03
9.600000e+03	1.190378e-01	4.904735e-03
9.800000e+03	1.184994e-01	4.648541e-03
1.000000e+04	1.179540e-01	4.392007e-03
1.020000e+04	1.174675e-01	4.239480e-03
1.040000e+04	1.170714e-01	4.131983e-03
1.060000e+04	1.167951e-01	4.081564e-03
1.080000e+04	1.165277e-01	4.034714e-03
1.100000e+04	1.161832e-01	3.951348e-03
1.120000e+04	1.159090e-01	3.893983e-03
1.140000e+04	1.155012e-01	3.714412e-03
1.160000e+04	1.151212e-01	3.543962e-03
1.180000e+04	1.148395e-01	3.469230e-03
1.200000e+04	1.146172e-01	3.481881e-03
1.220000e+04	1.143943e-01	3.473776e-03
1.240000e+04	1.141999e-01	3.556844e-03
1.260000e+04	1.139388e-01	3.542726e-03
1.280000e+04	1.136349e-01	3.387607e-03
1.300000e+04	1.133936e-01	3.264137e-03
1.320000e+04	1.131974e-01	3.175654e-03
1.340000e+04	1.129848e-01	3.008985e-03
1.360000e+04	1.127940e-01	2.847473e-03
1.380000e+04	1.126719e-01	2.724971e-03
1.400000e+04	1.125470e-01	2.574180e-03
1.420000e+04	1.123630e-01	2.460022e-03
1.440000e+04	1.122041e-01	2.392665e-03
1.460000e+04	1.121700e-01	2.401096e-03
1.480000e+04	1.121510e-01	2.402913e-03
1.500000e+04	1.121360e-01	2.387912e-03
1.520000e+04	1.121336e-01	2.405156e-03
1.540000e+04	1.120112e-01	2.353349e-03
1.560000e+04	1.118294e-01	2.291809e-03
1.580000e+04	1.116674e-01	2.277328e-03
1.600000e+04	1.115424e-01	2.166855e-03
1.620000e+04	1.113859e-01	2.105025e-03
1.640000e+04	1.111938e-01	2.150819e-03
1.660000e+04	1.110413e-01	2.236407e-03
1.680000e+04	1.109103e-01	2.233711e-03
1.700000e+04	1.107501e-01	2.176510e-03
1.720000e+04	1.105983e-01	2.108302e-03
1.740000e+04	1.104877e-01	2.128946e-03
1.760000e+04	1.103651e-01	2.148752e-03
1.780000e+04	1.102637e-01	2.176780e-03
1.800000e+04	1.101943e-01	2.191347e-03
1.820000e+04	1.101571e-01	2.172976e-03
1.840000e+04	1.100689e-01	2.096224e-03
1.860000e+04	1.099918e-01	2.081430e-03
1.880000e+04	1.098906e-01	1.976049e-03
1.900000e+04	1.098338e-01	1.965015e-03
1.920000e+04	1.098683e-01	2.000251e-03
1.940000e+04	1.098373e-01	2.044286e-03
1.960000e+04	1.098127e-01	2.078710e-03
1.980000e+04	1.097905e-01	2.086357e-03
2.000000e+04	1.097078e-01	2.076197e-03
