2.000000e+02	6.590043e-01	1.472338e-02
4.000000e+02	3.788082e-01	3.335704e-02
6.000000e+02	2.488703e-01	3.026491e-02
8.000000e+02	2.053397e-01	2.810247e-02
1.000000e+03	1.956958e-01	2.833711e-02
1.200000e+03	1.865970e-01	2.338171e-02
1.400000e+03	1.742428e-01	1.947575e-02
1.600000e+03	1.622075e-01	1.639729e-02
1.800000e+03	1.526976e-01	1.218426e-02
2.000000e+03	1.453992e-01	1.071685e-02
2.200000e+03	1.395081e-01	1.011684e-02
2.400000e+03	1.351437e-01	8.943052e-03
2.600000e+03	1.318626e-01	8.033474e-03
2.800000e+03	1.286190e-01	7.418069e-03
3.000000e+03	1.260185e-01	6.376417e-03
3.200000e+03	1.237107e-01	5.563023e-03
3.400000e+03	1.217783e-01	5.035643e-03
3.600000e+03	1.200361e-01	4.871223e-03
3.800000e+03	1.187564e-01	4.806692e-03
4.000000e+03	1.177137e-01	4.569296e-03
4.200000e+03	1.169054e-01	4.140644e-03
4.400000e+03	1.163326e-01	3.873290e-03
4.600000e+03	1.157401e-01	3.702074e-03
4.800000e+03	1.149831e-01	3.261349e-03
5.000000e+03	1.143554e-01	3.026559e-03
5.200000e+03	1.139702e-01	2.879818e-03
5.400000e+03	1.135751e-01	2.874240e-03
5.600000e+03	1.132727e-01	2.825102e-03
5.800000e+03	1.130707e-01	2.876737e-03
6.000000e+03	1.130202e-01	2.921267e-03
6.200000e+03	1.128598e-01	3.070917e-03
6.400000e+03	1.127220e-01	3.138025e-03
6.600000e+03	1.125237e-01	3.146472e-03
6.800000e+03	1.125099e-01	3.139941e-03
7.000000e+03	1.123348e-01	3.187763e-03
7.200000e+03	1.121437e-01	3.131701e-03
7.400000e+03	1.119603e-01	3.024081e-03
7.600000e+03	1.118872e-01	3.121241e-03
7.800000e+03	1.117993e-01	3.162049e-03
8.000000e+03	1.116934e-01	3.154070e-03
8.200000e+03	1.116596e-01	3.077625e-03
8.400000e+03	1.115210e-01	3.090359e-03
8.600000e+03	1.114249e-01	3.100628e-03
8.800000e+03	1.114204e-01	3.017086e-03
9.000000e+03	1.114010e-01	2.972442e-03
9.200000e+03	1.114572e-01	2.920904e-03
9.400000e+03	1.115230e-01	2.931957e-03
9.600000e+03	1.115285e-01	2.953069e-03
9.800000e+03	1.114980e-01	2.925991e-03
1.000000e+04	1.114208e-01	2.848619e-03
1.020000e+04	1.114465e-01	2.857773e-03
1.040000e+04	1.114437e-01	2.887736e-03
1.060000e+04	1.114877e-01	2.894152e-03
1.080000e+04	1.115405e-01	2.954354e-03
1.100000e+04	1.115449e-01	2.965500e-03
1.120000e+04	1.115791e-01	2.978402e-03
1.140000e+04	1.115613e-01	2.988449e-03
1.160000e+04	1.115531e-01	2.883511e-03
1.180000e+04	1.115310e-01	2.773838e-03
1.200000e+04	1.115525e-01	2.691990e-03
1.220000e+04	1.116032e-01	2.690383e-03
1.240000e+04	1.116011e-01	2.670471e-03
1.260000e+04	1.115711e-01	2.586491e-03
1.280000e+04	1.115052e-01	2.464710e-03
1.300000e+04	1.114789e-01	2.512756e-03
1.320000e+04	1.114555e-01	2.501443e-03
1.340000e+04	1.114997e-01	2.466550e-03
1.360000e+04	1.115214e-01	2.414466e-03
1.380000e+04	1.114618e-01	2.355166e-03
1.400000e+04	1.114197e-01	2.315124e-03
1.420000e+04	1.113777e-01	2.267976e-03
1.440000e+04	1.113198e-01	2.232627e-03
1.460000e+04	1.113017e-01	2.261944e-03
1.480000e+04	1.113938e-01	2.214131e-03
1.500000e+04	1.113693e-01	2.115376e-03
1.520000e+04	1.112939e-01	2.058767e-03
1.540000e+04	1.112838e-01	1.948453e-03
1.560000e+04	1.112139e-01	1.930603e-03
1.580000e+04	1.111845e-01	1.977256e-03
1.600000e+04	1.111513e-01	2.049078e-03
1.620000e+04	1.111491e-01	2.053869e-03
1.640000e+04	1.111375e-01	2.000099e-03
1.660000e+04	1.110896e-01	1.982006e-03
1.680000e+04	1.110469e-01	1.954266e-03
1.700000e+04	1.110089e-01	1.900602e-03
1.720000e+04	1.109814e-01	1.874723e-03
1.740000e+04	1.109589e-01	1.922275e-03
1.760000e+04	1.110315e-01	1.925842e-03
1.780000e+04	1.110862e-01	1.865646e-03
1.800000e+04	1.110557e-01	1.852397e-03
1.820000e+04	1.110233e-01	1.872123e-03
1.840000e+04	1.109996e-01	1.911880e-03
1.860000e+04	1.109298e-01	1.838807e-03
1.880000e+04	1.109304e-01	1.814659e-03
1.900000e+04	1.109253e-01	1.840730e-03
1.920000e+04	1.108883e-01	1.867360e-03
1.940000e+04	1.108999e-01	1.869133e-03
1.960000e+04	1.108416e-01	1.803167e-03
1.980000e+04	1.107942e-01	1.771669e-03
2.000000e+04	1.107871e-01	1.734096e-03
