2.000000e+02	9.036398e-01	5.409922e-03
4.000000e+02	8.260336e-01	1.491072e-02
6.000000e+02	7.503932e-01	1.725284e-02
8.000000e+02	6.667062e-01	2.260457e-02
1.000000e+03	5.837446e-01	2.344106e-02
1.200000e+03	5.111859e-01	2.304891e-02
1.400000e+03	4.517527e-01	2.260496e-02
1.600000e+03	4.033775e-01	2.091812e-02
1.800000e+03	3.654928e-01	1.884986e-02
2.000000e+03	3.350008e-01	1.840069e-02
2.200000e+03	3.102694e-01	1.802084e-02
2.400000e+03	2.892644e-01	1.743129e-02
2.600000e+03	2.710448e-01	1.767362e-02
2.800000e+03	2.564180e-01	1.744201e-02
3.000000e+03	2.443728e-01	1.679693e-02
3.200000e+03	2.336255e-01	1.595338e-02
3.400000e+03	2.240560e-01	1.534944e-02
3.600000e+03	2.154054e-01	1.465375e-02
3.800000e+03	2.074835e-01	1.425335e-02
4.000000e+03	2.007104e-01	1.369455e-02
4.200000e+03	1.946705e-01	1.299778e-02
4.400000e+03	1.890777e-01	1.232415e-02
4.600000e+03	1.840263e-01	1.188246e-02
4.800000e+03	1.796203e-01	1.141991e-02
5.000000e+03	1.757802e-01	1.082003e-02
5.200000e+03	1.719908e-01	1.002231e-02
5.400000e+03	1.687417e-01	9.377363e-03
5.600000e+03	1.656400e-01	8.881241e-03
5.800000e+03	1.628533e-01	8.370206e-03
6.000000e+03	1.601398e-01	7.972049e-03
6.200000e+03	1.575823e-01	7.525431e-03
6.400000e+03	1.553629e-01	7.080497e-03
6.600000e+03	1.535478e-01	6.744938e-03
6.800000e+03	1.517340e-01	6.514245e-03
7.000000e+03	1.499155e-01	6.216910e-03
7.200000e+03	1.482238e-01	6.081308e-03
7.400000e+03	1.466768e-01	5.918307e-03
7.600000e+03	1.451532e-01	5.729733e-03
7.800000e+03	1.437418e-01	5.696504e-03
8.000000e+03	1.423936e-01	5.580641e-03
8.200000e+03	1.411093e-01	5.401345e-03
8.400000e+03	1.398271e-01	5.269661e-03
8.600000e+03	1.386733e-01	5.240724e-03
8.800000e+03	1.375249e-01	5.132939e-03
9.000000e+03	1.365319e-01	5.015780e-03
9.200000e+03	1.355447e-01	4.835069e-03
9.400000e+03	1.345782e-01	4.656743e-03
9.600000e+03	1.337112e-01	4.535281e-03
9.800000e+03	1.329416e-01	4.432935e-03
1.000000e+04	1.322693e-01	4.278572e-03
1.020000e+04	1.315979e-01	4.229267e-03
1.040000e+04	1.309792e-01	4.194549e-03
1.060000e+04	1.304054e-01	4.123844e-03
1.080000e+04	1.298459e-01	4.011331e-03
1.100000e+04	1.293222e-01	3.863784e-03
1.120000e+04	1.287642e-01	3.707092e-03
1.140000e+04	1.282130e-01	3.555318e-03
1.160000e+04	1.277080e-01	3.480509e-03
1.180000e+04	1.272580e-01	3.424771e-03
1.200000e+04	1.267909e-01	3.377149e-03
1.220000e+04	1.262948e-01	3.300084e-03
1.240000e+04	1.258475e-01	3.255802e-03
1.260000e+04	1.254398e-01	3.277787e-03
1.280000e+04	1.250581e-01	3.336713e-03
1.300000e+04	1.246563e-01	3.344083e-03
1.320000e+04	1.242438e-01	3.342723e-03
1.340000e+04	1.238369e-01	3.319363e-03
1.360000e+04	1.234545e-01	3.330023e-03
1.380000e+04	1.230715e-01	3.256735e-03
1.400000e+04	1.226845e-01	3.201657e-03
1.420000e+04	1.223801e-01	3.138298e-03
1.440000e+04	1.220854e-01	3.136342e-03
1.460000e+04	1.217312e-01	3.142091e-03
1.480000e+04	1.213952e-01	3.174477e-03
1.500000e+04	1.210649e-01	3.242362e-03
1.520000e+04	1.207925e-01	3.274875e-03
1.540000e+04	1.205559e-01	3.276843e-03
1.560000e+04	1.203200e-01	3.277313e-03
1.580000e+04	1.200911e-01	3.272775e-03
1.600000e+04	1.198576e-01	3.240153e-03
1.620000e+04	1.196755e-01	3.242905e-03
1.640000e+04	1.195077e-01	3.251740e-03
1.660000e+04	1.193632e-01	3.207724e-03
1.680000e+04	1.191848e-01	3.137114e-03
1.700000e+04	1.190150e-01	3.049204e-03
1.720000e+04	1.188421e-01	2.971664e-03
1.740000e+04	1.186475e-01	2.923449e-03
1.760000e+04	1.184678e-01	2.879615e-03
1.780000e+04	1.182865e-01	2.839344e-03
1.800000e+04	1.181094e-01	2.771289e-03
1.820000e+04	1.179214e-01	2.713475e-03
1.840000e+04	1.177525e-01	2.647504e-03
1.860000e+04	1.175801e-01	2.560386e-03
1.880000e+04	1.174041e-01	2.479093e-03
1.900000e+04	1.171932e-01	2.414563e-03
1.920000e+04	1.169863e-01	2.402385e-03
1.940000e+04	1.167722e-01	2.431316e-03
1.960000e+04	1.165773e-01	2.432088e-03
1.980000e+04	1.163804e-01	2.447720e-03
2.000000e+04	1.161669e-01	2.436738e-03
