2.000000e+02	6.172521e-01	2.850963e-02
4.000000e+02	3.593185e-01	4.176095e-02
6.000000e+02	2.533218e-01	3.750111e-02
8.000000e+02	1.994893e-01	3.785190e-02
1.000000e+03	1.676914e-01	2.727261e-02
1.200000e+03	1.481634e-01	2.311892e-02
1.400000e+03	1.387111e-01	1.666814e-02
1.600000e+03	1.342311e-01	1.502753e-02
1.800000e+03	1.290693e-01	1.172722e-02
2.000000e+03	1.240349e-01	9.713758e-03
2.200000e+03	1.217641e-01	9.255848e-03
2.400000e+03	1.206552e-01	8.604737e-03
2.600000e+03	1.192626e-01	8.314632e-03
2.800000e+03	1.175783e-01	7.323313e-03
3.000000e+03	1.156620e-01	6.539887e-03
3.200000e+03	1.141426e-01	6.293178e-03
3.400000e+03	1.128785e-01	5.687055e-03
3.600000e+03	1.118286e-01	4.988234e-03
3.800000e+03	1.112507e-01	4.469659e-03
4.000000e+03	1.107112e-01	3.922237e-03
4.200000e+03	1.100688e-01	3.687398e-03
4.400000e+03	1.096385e-01	3.365804e-03
4.600000e+03	1.090784e-01	3.110923e-03
4.800000e+03	1.092530e-01	3.088518e-03
5.000000e+03	1.087526e-01	2.821424e-03
5.200000e+03	1.087192e-01	2.897113e-03
5.400000e+03	1.083737e-01	2.574136e-03
5.600000e+03	1.079348e-01	2.421760e-03
5.800000e+03	1.076258e-01	2.239619e-03
6.000000e+03	1.074389e-01	2.110698e-03
6.200000e+03	1.072409e-01	1.980553e-03
6.400000e+03	1.071528e-01	1.944434e-03
6.600000e+03	1.068058e-01	1.836343e-03
6.800000e+03	1.069735e-01	1.903481e-03
7.000000e+03	1.068932e-01	2.021951e-03
7.200000e+03	1.066713e-01	1.927521e-03
7.400000e+03	1.065855e-01	1.845806e-03
7.600000e+03	1.065169e-01	1.880251e-03
7.800000e+03	1.063616e-01	1.832010e-03
8.000000e+03	1.060989e-01	1.792599e-03
8.200000e+03	1.061676e-01	1.906384e-03
8.400000e+03	1.061290e-01	1.876758e-03
8.600000e+03	1.060889e-01	1.894195e-03
8.800000e+03	1.059345e-01	1.872988e-03
9.000000e+03	1.058400e-01	1.728501e-03
9.200000e+03	1.057406e-01	1.680055e-03
9.400000e+03	1.056746e-01	1.729864e-03
9.600000e+03	1.055682e-01	1.714907e-03
9.800000e+03	1.054920e-01	1.758107e-03
1.000000e+04	1.054113e-01	1.816354e-03
1.020000e+04	1.053530e-01	1.776936e-03
1.040000e+04	1.051986e-01	1.787043e-03
1.060000e+04	1.050646e-01	1.749134e-03
1.080000e+04	1.048885e-01	1.602470e-03
1.100000e+04	1.046487e-01	1.490339e-03
1.120000e+04	1.045274e-01	1.413628e-03
1.140000e+04	1.045060e-01	1.372323e-03
1.160000e+04	1.045098e-01	1.328860e-03
1.180000e+04	1.044652e-01	1.247963e-03
1.200000e+04	1.043934e-01	1.275716e-03
1.220000e+04	1.042117e-01	1.179170e-03
1.240000e+04	1.041309e-01	1.171059e-03
1.260000e+04	1.040978e-01	1.183581e-03
1.280000e+04	1.041617e-01	1.168022e-03
1.300000e+04	1.040620e-01	1.152544e-03
1.320000e+04	1.039297e-01	1.123843e-03
1.340000e+04	1.038902e-01	1.148945e-03
1.360000e+04	1.037828e-01	1.128568e-03
1.380000e+04	1.036855e-01	1.139952e-03
1.400000e+04	1.036155e-01	1.056934e-03
1.420000e+04	1.036126e-01	1.112854e-03
1.440000e+04	1.035625e-01	1.032158e-03
1.460000e+04	1.035158e-01	1.019164e-03
1.480000e+04	1.034780e-01	1.013902e-03
1.500000e+04	1.034177e-01	1.044459e-03
1.520000e+04	1.033749e-01	1.064214e-03
1.540000e+04	1.033412e-01	9.631125e-04
1.560000e+04	1.033124e-01	9.429192e-04
1.580000e+04	1.033030e-01	9.334569e-04
1.600000e+04	1.033148e-01	9.345288e-04
1.620000e+04	1.032978e-01	9.512251e-04
1.640000e+04	1.032300e-01	9.265919e-04
1.660000e+04	1.032167e-01	9.371655e-04
1.680000e+04	1.031665e-01	9.328683e-04
1.700000e+04	1.031893e-01	9.439565e-04
1.720000e+04	1.032349e-01	9.641579e-04
1.740000e+04	1.032481e-01	1.018699e-03
1.760000e+04	1.032058e-01	1.042273e-03
1.780000e+04	1.032287e-01	1.112910e-03
1.800000e+04	1.032561e-01	1.075919e-03
1.820000e+04	1.032397e-01	1.046587e-03
1.840000e+04	1.032130e-01	1.063036e-03
1.860000e+04	1.032131e-01	1.074598e-03
1.880000e+04	1.031619e-01	1.061517e-03
1.900000e+04	1.031614e-01	1.033069e-03
1.920000e+04	1.031692e-01	1.020374e-03
1.940000e+04	1.031506e-01	1.009392e-03
1.960000e+04	1.031374e-01	1.000839e-03
1.980000e+04	1.031140e-01	9.420811e-04
2.000000e+04	1.031123e-01	9.284616e-04
