2.000000e+02	4.297697e-01	3.383641e-02
4.000000e+02	2.379605e-01	4.865138e-02
6.000000e+02	1.868597e-01	3.085474e-02
8.000000e+02	1.580344e-01	2.906335e-02
1.000000e+03	1.455402e-01	2.536691e-02
1.200000e+03	1.416344e-01	2.106946e-02
1.400000e+03	1.349907e-01	1.827162e-02
1.600000e+03	1.322029e-01	1.751520e-02
1.800000e+03	1.300332e-01	1.672495e-02
2.000000e+03	1.274064e-01	1.303545e-02
2.200000e+03	1.265034e-01	1.203467e-02
2.400000e+03	1.248323e-01	1.037118e-02
2.600000e+03	1.223264e-01	8.679296e-03
2.800000e+03	1.205102e-01	7.881014e-03
3.000000e+03	1.195143e-01	7.059203e-03
3.200000e+03	1.182110e-01	6.386829e-03
3.400000e+03	1.169234e-01	5.795748e-03
3.600000e+03	1.163692e-01	5.582162e-03
3.800000e+03	1.158257e-01	5.336219e-03
4.000000e+03	1.151222e-01	5.023035e-03
4.200000e+03	1.143122e-01	4.251725e-03
4.400000e+03	1.140545e-01	3.662898e-03
4.600000e+03	1.133613e-01	3.075672e-03
4.800000e+03	1.139100e-01	3.596947e-03
5.000000e+03	1.143453e-01	4.350122e-03
5.200000e+03	1.136089e-01	3.745674e-03
5.400000e+03	1.132232e-01	3.115384e-03
5.600000e+03	1.133147e-01	3.553974e-03
5.800000e+03	1.135739e-01	3.608016e-03
6.000000e+03	1.132563e-01	3.484944e-03
6.200000e+03	1.129456e-01	3.794474e-03
6.400000e+03	1.129836e-01	3.837265e-03
6.600000e+03	1.130471e-01	3.885343e-03
6.800000e+03	1.130124e-01	4.043334e-03
7.000000e+03	1.128770e-01	3.708608e-03
7.200000e+03	1.130075e-01	3.893774e-03
7.400000e+03	1.131030e-01	3.951394e-03
7.600000e+03	1.130596e-01	4.069854e-03
7.800000e+03	1.129237e-01	3.896193e-03
8.000000e+03	1.127901e-01	3.783529e-03
8.200000e+03	1.126861e-01	3.298046e-03
8.400000e+03	1.123797e-01	3.146408e-03
8.600000e+03	1.122301e-01	2.746891e-03
8.800000e+03	1.122917e-01	3.033960e-03
9.000000e+03	1.122256e-01	3.149860e-03
9.200000e+03	1.122143e-01	3.275950e-03
9.400000e+03	1.120879e-01	3.021469e-03
9.600000e+03	1.120385e-01	2.854929e-03
9.800000e+03	1.120004e-01	3.001334e-03
1.000000e+04	1.117203e-01	3.094667e-03
1.020000e+04	1.116611e-01	3.119399e-03
1.040000e+04	1.116681e-01	3.000398e-03
1.060000e+04	1.116882e-01	2.758087e-03
1.080000e+04	1.114761e-01	2.494742e-03
1.100000e+04	1.115892e-01	2.685073e-03
1.120000e+04	1.117068e-01	2.833523e-03
1.140000e+04	1.117562e-01	2.893172e-03
1.160000e+04	1.117139e-01	2.835789e-03
1.180000e+04	1.118244e-01	2.871066e-03
1.200000e+04	1.116693e-01	2.701708e-03
1.220000e+04	1.114554e-01	2.415158e-03
1.240000e+04	1.114558e-01	2.411183e-03
1.260000e+04	1.112744e-01	2.432942e-03
1.280000e+04	1.112708e-01	2.326835e-03
1.300000e+04	1.111535e-01	2.194456e-03
1.320000e+04	1.110547e-01	2.164595e-03
1.340000e+04	1.110575e-01	2.064199e-03
1.360000e+04	1.109894e-01	2.058997e-03
1.380000e+04	1.109276e-01	2.158598e-03
1.400000e+04	1.109528e-01	2.094278e-03
1.420000e+04	1.108127e-01	2.112337e-03
1.440000e+04	1.107883e-01	2.142930e-03
1.460000e+04	1.109078e-01	2.138134e-03
1.480000e+04	1.108061e-01	2.176745e-03
1.500000e+04	1.107083e-01	2.061977e-03
1.520000e+04	1.106530e-01	1.902819e-03
1.540000e+04	1.106104e-01	1.964124e-03
1.560000e+04	1.106581e-01	1.979924e-03
1.580000e+04	1.106594e-01	1.886238e-03
1.600000e+04	1.107151e-01	1.911898e-03
1.620000e+04	1.107283e-01	1.933855e-03
1.640000e+04	1.107056e-01	1.958713e-03
1.660000e+04	1.106723e-01	1.787183e-03
1.680000e+04	1.105327e-01	1.507894e-03
1.700000e+04	1.104183e-01	1.423602e-03
1.720000e+04	1.104072e-01	1.504697e-03
1.740000e+04	1.104077e-01	1.537017e-03
1.760000e+04	1.104657e-01	1.668777e-03
1.780000e+04	1.104685e-01	1.578385e-03
1.800000e+04	1.104664e-01	1.494477e-03
1.820000e+04	1.104040e-01	1.368952e-03
1.840000e+04	1.104356e-01	1.519902e-03
1.860000e+04	1.104116e-01	1.501265e-03
1.880000e+04	1.103951e-01	1.460996e-03
1.900000e+04	1.105262e-01	1.561781e-03
1.920000e+04	1.104566e-01	1.565330e-03
1.940000e+04	1.104242e-01	1.475136e-03
1.960000e+04	1.104240e-01	1.433049e-03
1.980000e+04	1.103672e-01	1.321722e-03
2.000000e+04	1.103693e-01	1.390426e-03
