2.000000e+02	4.696859e-01	4.752739e-02
4.000000e+02	3.008370e-01	5.318025e-02
6.000000e+02	2.422535e-01	4.908203e-02
8.000000e+02	2.133166e-01	4.249387e-02
1.000000e+03	1.886185e-01	3.585582e-02
1.200000e+03	1.686841e-01	2.712365e-02
1.400000e+03	1.573725e-01	2.354868e-02
1.600000e+03	1.461019e-01	2.330501e-02
1.800000e+03	1.417229e-01	1.926609e-02
2.000000e+03	1.357766e-01	1.805791e-02
2.200000e+03	1.349246e-01	1.801504e-02
2.400000e+03	1.335974e-01	1.999883e-02
2.600000e+03	1.326670e-01	2.329245e-02
2.800000e+03	1.331426e-01	2.537049e-02
3.000000e+03	1.327867e-01	2.390313e-02
3.200000e+03	1.326113e-01	2.300988e-02
3.400000e+03	1.341407e-01	2.287350e-02
3.600000e+03	1.333853e-01	2.094721e-02
3.800000e+03	1.323692e-01	1.964573e-02
4.000000e+03	1.317257e-01	1.745480e-02
4.200000e+03	1.306669e-01	1.422007e-02
4.400000e+03	1.299102e-01	1.406615e-02
4.600000e+03	1.313653e-01	1.514553e-02
4.800000e+03	1.313615e-01	1.466506e-02
5.000000e+03	1.312684e-01	1.394605e-02
5.200000e+03	1.303435e-01	1.324203e-02
5.400000e+03	1.290853e-01	1.235472e-02
5.600000e+03	1.269625e-01	1.000769e-02
5.800000e+03	1.273401e-01	9.173721e-03
6.000000e+03	1.271696e-01	1.002038e-02
6.200000e+03	1.267410e-01	1.008921e-02
6.400000e+03	1.269559e-01	9.795089e-03
6.600000e+03	1.266092e-01	1.034643e-02
6.800000e+03	1.261577e-01	9.953999e-03
7.000000e+03	1.265242e-01	9.819784e-03
7.200000e+03	1.251726e-01	8.883758e-03
7.400000e+03	1.247339e-01	8.696370e-03
7.600000e+03	1.237560e-01	7.836158e-03
7.800000e+03	1.229633e-01	6.811414e-03
8.000000e+03	1.231202e-01	6.317090e-03
8.200000e+03	1.231047e-01	5.976112e-03
8.400000e+03	1.235658e-01	5.806665e-03
8.600000e+03	1.237231e-01	5.506735e-03
8.800000e+03	1.240863e-01	5.053595e-03
9.000000e+03	1.229196e-01	4.955840e-03
9.200000e+03	1.227188e-01	4.938933e-03
9.400000e+03	1.224866e-01	5.019752e-03
9.600000e+03	1.228779e-01	5.329471e-03
9.800000e+03	1.230291e-01	5.489150e-03
1.000000e+04	1.231149e-01	6.099812e-03
1.020000e+04	1.232133e-01	6.417120e-03
1.040000e+04	1.236800e-01	6.745231e-03
1.060000e+04	1.235794e-01	6.475496e-03
1.080000e+04	1.235703e-01	6.520378e-03
1.100000e+04	1.234735e-01	6.284439e-03
1.120000e+04	1.236519e-01	6.672329e-03
1.140000e+04	1.234661e-01	6.483543e-03
1.160000e+04	1.236357e-01	6.136236e-03
1.180000e+04	1.244099e-01	6.058033e-03
1.200000e+04	1.239018e-01	5.793170e-03
1.220000e+04	1.240987e-01	5.560963e-03
1.240000e+04	1.240495e-01	5.435516e-03
1.260000e+04	1.234475e-01	5.409954e-03
1.280000e+04	1.230216e-01	5.414619e-03
1.300000e+04	1.230692e-01	5.782899e-03
1.320000e+04	1.232215e-01	5.722392e-03
1.340000e+04	1.235554e-01	6.190139e-03
1.360000e+04	1.237677e-01	6.184607e-03
1.380000e+04	1.238917e-01	5.928292e-03
1.400000e+04	1.240181e-01	6.096942e-03
1.420000e+04	1.238269e-01	6.028892e-03
1.440000e+04	1.242303e-01	6.011145e-03
1.460000e+04	1.245210e-01	6.218844e-03
1.480000e+04	1.244405e-01	6.201049e-03
1.500000e+04	1.240588e-01	6.151500e-03
1.520000e+04	1.240098e-01	6.097663e-03
1.540000e+04	1.239868e-01	5.728983e-03
1.560000e+04	1.240227e-01	5.901942e-03
1.580000e+04	1.238456e-01	5.319783e-03
1.600000e+04	1.240588e-01	5.245223e-03
1.620000e+04	1.242586e-01	5.318394e-03
1.640000e+04	1.242463e-01	5.458122e-03
1.660000e+04	1.243401e-01	5.905997e-03
1.680000e+04	1.239845e-01	5.609024e-03
1.700000e+04	1.242113e-01	5.775694e-03
1.720000e+04	1.242735e-01	5.714580e-03
1.740000e+04	1.244534e-01	5.787957e-03
1.760000e+04	1.245741e-01	6.062641e-03
1.780000e+04	1.241690e-01	5.917208e-03
1.800000e+04	1.240015e-01	5.957966e-03
1.820000e+04	1.241775e-01	5.594048e-03
1.840000e+04	1.240374e-01	5.500757e-03
1.860000e+04	1.239810e-01	5.483160e-03
1.880000e+04	1.237578e-01	5.412415e-03
1.900000e+04	1.235772e-01	5.288997e-03
1.920000e+04	1.234239e-01	5.203989e-03
1.940000e+04	1.235097e-01	5.561457e-03
1.960000e+04	1.232026e-01	5.452097e-03
1.980000e+04	1.228692e-01	5.157282e-03
2.000000e+04	1.229939e-01	5.311872e-03
