2.000000e+02	6.391186e-01	4.105262e-02
4.000000e+02	4.416325e-01	3.947192e-02
6.000000e+02	3.334033e-01	4.003454e-02
8.000000e+02	2.711279e-01	3.664299e-02
1.000000e+03	2.390254e-01	3.084653e-02
1.200000e+03	2.176232e-01	2.932694e-02
1.400000e+03	1.990568e-01	3.511476e-02
1.600000e+03	1.912856e-01	3.312896e-02
1.800000e+03	1.827127e-01	2.839245e-02
2.000000e+03	1.737431e-01	2.852033e-02
2.200000e+03	1.662185e-01	2.194236e-02
2.400000e+03	1.574428e-01	1.932207e-02
2.600000e+03	1.499566e-01	1.992796e-02
2.800000e+03	1.489707e-01	2.117706e-02
3.000000e+03	1.478039e-01	2.137878e-02
3.200000e+03	1.481447e-01	2.122531e-02
3.400000e+03	1.447984e-01	1.893679e-02
3.600000e+03	1.409485e-01	1.809900e-02
3.800000e+03	1.374558e-01	1.768849e-02
4.000000e+03	1.356960e-01	1.727712e-02
4.200000e+03	1.347743e-01	1.673170e-02
4.400000e+03	1.327307e-01	1.595270e-02
4.600000e+03	1.306050e-01	1.663284e-02
4.800000e+03	1.288479e-01	1.578757e-02
5.000000e+03	1.286759e-01	1.638352e-02
5.200000e+03	1.278881e-01	1.637008e-02
5.400000e+03	1.257568e-01	1.455824e-02
5.600000e+03	1.246111e-01	1.357206e-02
5.800000e+03	1.231322e-01	1.223604e-02
6.000000e+03	1.223532e-01	1.213775e-02
6.200000e+03	1.224143e-01	1.157867e-02
6.400000e+03	1.218984e-01	1.089692e-02
6.600000e+03	1.210765e-01	9.224330e-03
6.800000e+03	1.207460e-01	8.229213e-03
7.000000e+03	1.205371e-01	8.699135e-03
7.200000e+03	1.204851e-01	9.218647e-03
7.400000e+03	1.198323e-01	8.483881e-03
7.600000e+03	1.188539e-01	7.818790e-03
7.800000e+03	1.188749e-01	7.941613e-03
8.000000e+03	1.186095e-01	7.798627e-03
8.200000e+03	1.184132e-01	7.734526e-03
8.400000e+03	1.181401e-01	7.656241e-03
8.600000e+03	1.177862e-01	7.874044e-03
8.800000e+03	1.175962e-01	7.709953e-03
9.000000e+03	1.176134e-01	8.215466e-03
9.200000e+03	1.178353e-01	8.633267e-03
9.400000e+03	1.178572e-01	8.190311e-03
9.600000e+03	1.173723e-01	7.961672e-03
9.800000e+03	1.172266e-01	7.965197e-03
1.000000e+04	1.168863e-01	8.262926e-03
1.020000e+04	1.174980e-01	8.226145e-03
1.040000e+04	1.173831e-01	7.706361e-03
1.060000e+04	1.176080e-01	7.732211e-03
1.080000e+04	1.175277e-01	7.885033e-03
1.100000e+04	1.173563e-01	8.285698e-03
1.120000e+04	1.173018e-01	8.457943e-03
1.140000e+04	1.169289e-01	8.315612e-03
1.160000e+04	1.170860e-01	8.217854e-03
1.180000e+04	1.171165e-01	8.055618e-03
1.200000e+04	1.172172e-01	8.230252e-03
1.220000e+04	1.170258e-01	8.217930e-03
1.240000e+04	1.169007e-01	8.176942e-03
1.260000e+04	1.168304e-01	8.179202e-03
1.280000e+04	1.166565e-01	8.307673e-03
1.300000e+04	1.162006e-01	8.283474e-03
1.320000e+04	1.159975e-01	8.203734e-03
1.340000e+04	1.161245e-01	8.431216e-03
1.360000e+04	1.160731e-01	8.354628e-03
1.380000e+04	1.158845e-01	8.055194e-03
1.400000e+04	1.157077e-01	8.013779e-03
1.420000e+04	1.156217e-01	7.696551e-03
1.440000e+04	1.154295e-01	7.354394e-03
1.460000e+04	1.153174e-01	7.147339e-03
1.480000e+04	1.153435e-01	6.908667e-03
1.500000e+04	1.151538e-01	6.691151e-03
1.520000e+04	1.150016e-01	6.225825e-03
1.540000e+04	1.148304e-01	6.139357e-03
1.560000e+04	1.147171e-01	6.000820e-03
1.580000e+04	1.144781e-01	5.867111e-03
1.600000e+04	1.142993e-01	5.669949e-03
1.620000e+04	1.141322e-01	5.452198e-03
1.640000e+04	1.139212e-01	5.534263e-03
1.660000e+04	1.139294e-01	5.437515e-03
1.680000e+04	1.140682e-01	5.599377e-03
1.700000e+04	1.139659e-01	5.619487e-03
1.720000e+04	1.140989e-01	5.604675e-03
1.740000e+04	1.140207e-01	5.548203e-03
1.760000e+04	1.140252e-01	5.184142e-03
1.780000e+04	1.140132e-01	5.096131e-03
1.800000e+04	1.140286e-01	5.016368e-03
1.820000e+04	1.139593e-01	4.760887e-03
1.840000e+04	1.137279e-01	4.628968e-03
1.860000e+04	1.135657e-01	4.514820e-03
1.880000e+04	1.131459e-01	4.194564e-03
1.900000e+04	1.130083e-01	4.007919e-03
1.920000e+04	1.129079e-01	3.887491e-03
1.940000e+04	1.128972e-01	3.717096e-03
1.960000e+04	1.127841e-01	3.628949e-03
1.980000e+04	1.128333e-01	3.458566e-03
2.000000e+04	1.127894e-01	3.299631e-03
