2.000000e+02	6.146884e-01	4.118657e-02
4.000000e+02	3.576748e-01	5.170451e-02
6.000000e+02	2.544159e-01	3.935039e-02
8.000000e+02	2.146026e-01	3.524233e-02
1.000000e+03	1.917654e-01	3.593059e-02
1.200000e+03	1.750505e-01	2.989081e-02
1.400000e+03	1.640975e-01	2.417520e-02
1.600000e+03	1.555062e-01	2.192224e-02
1.800000e+03	1.516128e-01	1.953184e-02
2.000000e+03	1.475002e-01	1.701652e-02
2.200000e+03	1.456123e-01	1.531340e-02
2.400000e+03	1.426475e-01	1.557610e-02
2.600000e+03	1.394127e-01	1.553261e-02
2.800000e+03	1.374936e-01	1.478881e-02
3.000000e+03	1.343790e-01	1.475493e-02
3.200000e+03	1.316532e-01	1.409582e-02
3.400000e+03	1.294672e-01	1.341941e-02
3.600000e+03	1.268311e-01	1.286374e-02
3.800000e+03	1.252876e-01	1.263648e-02
4.000000e+03	1.244399e-01	1.126801e-02
4.200000e+03	1.234260e-01	1.008930e-02
4.400000e+03	1.227518e-01	9.952175e-03
4.600000e+03	1.212835e-01	8.890842e-03
4.800000e+03	1.198759e-01	8.542204e-03
5.000000e+03	1.193826e-01	8.162389e-03
5.200000e+03	1.187658e-01	7.427697e-03
5.400000e+03	1.181161e-01	6.966933e-03
5.600000e+03	1.169982e-01	5.929682e-03
5.800000e+03	1.164990e-01	5.760116e-03
6.000000e+03	1.163370e-01	6.176735e-03
6.200000e+03	1.158666e-01	6.019660e-03
6.400000e+03	1.151376e-01	5.650316e-03
6.600000e+03	1.148270e-01	5.644086e-03
6.800000e+03	1.143437e-01	5.579859e-03
7.000000e+03	1.137621e-01	5.428823e-03
7.200000e+03	1.133719e-01	5.375022e-03
7.400000e+03	1.132408e-01	5.268856e-03
7.600000e+03	1.131014e-01	5.307248e-03
7.800000e+03	1.130225e-01	5.365819e-03
8.000000e+03	1.127297e-01	5.285250e-03
8.200000e+03	1.128138e-01	5.538361e-03
8.400000e+03	1.125323e-01	5.591837e-03
8.600000e+03	1.126088e-01	5.790599e-03
8.800000e+03	1.124135e-01	5.868580e-03
9.000000e+03	1.123044e-01	6.038182e-03
9.200000e+03	1.122466e-01	6.073875e-03
9.400000e+03	1.118035e-01	5.881694e-03
9.600000e+03	1.115378e-01	5.657606e-03
9.800000e+03	1.115010e-01	5.582993e-03
1.000000e+04	1.112846e-01	5.295202e-03
1.020000e+04	1.113988e-01	5.253649e-03
1.040000e+04	1.113319e-01	5.211738e-03
1.060000e+04	1.109116e-01	4.841898e-03
1.080000e+04	1.107764e-01	4.757952e-03
1.100000e+04	1.106298e-01	4.598313e-03
1.120000e+04	1.106665e-01	4.690324e-03
1.140000e+04	1.105504e-01	4.641707e-03
1.160000e+04	1.102661e-01	4.399633e-03
1.180000e+04	1.100646e-01	4.145473e-03
1.200000e+04	1.099055e-01	4.078944e-03
1.220000e+04	1.097588e-01	4.016167e-03
1.240000e+04	1.096905e-01	3.946082e-03
1.260000e+04	1.096891e-01	4.020932e-03
1.280000e+04	1.096476e-01	3.994065e-03
1.300000e+04	1.094687e-01	3.774183e-03
1.320000e+04	1.094524e-01	3.733578e-03
1.340000e+04	1.093056e-01	3.662376e-03
1.360000e+04	1.092176e-01	3.484275e-03
1.380000e+04	1.091232e-01	3.314474e-03
1.400000e+04	1.090380e-01	3.151965e-03
1.420000e+04	1.087529e-01	2.940774e-03
1.440000e+04	1.087211e-01	2.791652e-03
1.460000e+04	1.086157e-01	2.762114e-03
1.480000e+04	1.085678e-01	2.714442e-03
1.500000e+04	1.085471e-01	2.601384e-03
1.520000e+04	1.085738e-01	2.515981e-03
1.540000e+04	1.085738e-01	2.524179e-03
1.560000e+04	1.085249e-01	2.354893e-03
1.580000e+04	1.083625e-01	2.234731e-03
1.600000e+04	1.081694e-01	2.205391e-03
1.620000e+04	1.081053e-01	2.187206e-03
1.640000e+04	1.082546e-01	2.171507e-03
1.660000e+04	1.081929e-01	2.133717e-03
1.680000e+04	1.081689e-01	2.145957e-03
1.700000e+04	1.080877e-01	2.212258e-03
1.720000e+04	1.081055e-01	2.238475e-03
1.740000e+04	1.081253e-01	2.211520e-03
1.760000e+04	1.081064e-01	2.216895e-03
1.780000e+04	1.081406e-01	2.127590e-03
1.800000e+04	1.080415e-01	2.057665e-03
1.820000e+04	1.079974e-01	1.839418e-03
1.840000e+04	1.078860e-01	1.747014e-03
1.860000e+04	1.078428e-01	1.739956e-03
1.880000e+04	1.077352e-01	1.694244e-03
1.900000e+04	1.076537e-01	1.527040e-03
1.920000e+04	1.076716e-01	1.455141e-03
1.940000e+04	1.076072e-01	1.416543e-03
1.960000e+04	1.074500e-01	1.431907e-03
1.980000e+04	1.074049e-01	1.354349e-03
2.000000e+04	1.074154e-01	1.302108e-03
